#Wave		#Intensity
1725.811523	15723.875977
1724.836914	16069.991211
1723.861328	15805.021484
1722.885742	15834.877930
1721.910156	15931.335938
1720.934570	16004.697266
1719.958008	16131.807617
1718.981445	16128.279297
1718.004883	15914.840820
1717.028320	16274.786133
1716.050781	16053.732422
1715.074219	16132.085938
1714.096680	16197.616211
1713.119141	16181.291016
1712.140625	16443.634766
1711.163086	16130.768555
1710.184570	16359.788086
1709.206055	16358.769531
1708.227539	16398.619141
1707.248047	16517.619141
1706.269531	16488.480469
1705.290039	16594.644531
1704.310547	16828.363281
1703.330078	16883.375000
1702.350586	16946.015625
1701.370117	16692.378906
1700.389648	17073.763672
1699.409180	16832.955078
1698.427734	16946.525391
1697.447266	17080.431641
1696.465820	17188.802734
1695.484375	17411.744141
1694.502930	17428.320313
1693.520508	17457.619141
1692.538086	17150.910156
1691.555664	17490.728516
1690.573242	17367.333984
1689.590820	17684.062500
1688.607422	17626.802734
1687.624023	17785.691406
1686.640625	17830.117188
1685.657227	17999.058594
1684.672852	17979.892578
1683.689453	18034.408203
1682.705078	18078.740234
1681.720703	18084.962891
1680.735352	18355.210938
1679.750977	18536.505859
1678.765625	18535.009766
1677.780273	18530.978516
1676.794922	18828.796875
1675.808594	18583.781250
1674.823242	18795.251953
1673.836914	18943.257813
1672.849609	19037.978516
1671.863281	18952.757813
1670.876953	18920.771484
1669.889648	19007.835938
1668.902344	19155.632813
1667.915039	19283.113281
1666.926758	19587.708984
1665.938477	19507.539063
1664.951172	19571.609375
1663.961914	19471.240234
1662.973633	19517.587891
1661.985352	19756.064453
1660.996094	19645.609375
1660.006836	20124.037109
1659.017578	20359.699219
1658.027344	19786.908203
1657.038086	19969.503906
1656.047852	20242.917969
1655.057617	20122.400391
1654.066406	20012.029297
1653.076172	20239.835938
1652.084961	20157.238281
1651.093750	19910.726563
1650.102539	19699.626953
1649.111328	19705.439453
1648.119141	19794.427734
1647.126953	19696.892578
1646.134766	19664.906250
1645.142578	19640.492188
1644.149414	19538.013672
1643.157227	19344.937500
1642.164063	19275.292969
1641.169922	19198.126953
1640.176758	19342.425781
1639.182617	19074.085938
1638.189453	19157.982422
1637.195313	19178.978516
1636.200195	19106.943359
1635.206055	19253.615234
1634.210938	19475.613281
1633.215820	19333.210938
1632.220703	19308.927734
1631.225586	18895.396484
1630.229492	19157.449219
1629.233398	19231.121094
1628.237305	19510.554688
1627.241211	19197.703125
1626.244141	19441.900391
1625.248047	18885.914063
1624.250977	19398.380859
1623.253906	18945.427734
1622.255859	19084.197266
1621.258789	19370.753906
1620.260742	19303.927734
1619.262695	19565.263672
1618.264648	19418.287109
1617.265625	19451.642578
1616.267578	19467.460938
1615.268555	19645.945313
1614.268555	19576.640625
1613.269531	19584.914063
1612.270508	19295.560547
1611.270508	19648.958984
1610.270508	19707.210938
1609.270508	19517.992188
1608.269531	19396.326172
1607.268555	19761.886719
1606.267578	20034.871094
1605.266602	19955.623047
1604.265625	19724.109375
1603.263672	20054.333984
1602.262695	20134.853516
1601.260742	19990.775391
1600.257813	20006.414063
1599.255859	19884.871094
1598.252930	19905.509766
1597.250000	20073.222656
1596.247070	19869.494141
1595.244141	19832.808594
1594.240234	19527.072266
1593.237305	20033.468750
1592.233398	19605.798828
1591.228516	19783.314453
1590.224609	19502.742188
1589.219727	19565.724609
1588.214844	19698.345703
1587.209961	19679.167969
1586.205078	19861.445313
1585.199219	19834.779297
1584.194336	19919.992188
1583.188477	20124.468750
1582.181641	19886.544922
1581.175781	19822.626953
1580.168945	19751.287109
1579.162109	19871.187500
1578.155273	20055.587891
1577.148438	20026.437500
1576.140625	20096.566406
1575.132813	20015.314453
1574.125000	20340.916016
1573.117188	20118.281250
1572.109375	20089.144531
1571.100586	19943.507813
1570.091797	20045.779297
1569.083008	20058.800781
1568.074219	19960.333984
1567.064453	20015.472656
1566.054688	19850.193359
1565.044922	20355.925781
1564.035156	19957.968750
1563.025391	19928.917969
1562.014648	20100.287109
1561.003906	19930.216797
1559.993164	20148.500000
1558.982422	20020.527344
1557.970703	20003.849609
1556.958984	20083.568359
1555.947266	20069.353516
1554.935547	20356.539063
1553.922852	20359.560547
1552.911133	20231.701172
1551.898438	20094.021484
1550.885742	20200.763672
1549.872070	20327.203125
1548.859375	20535.005859
1547.845703	20200.037109
1546.832031	20254.871094
1545.818359	20127.222656
1544.803711	20347.210938
1543.789063	20226.988281
1542.775391	20168.419922
1541.759766	20346.375000
1540.745117	20383.861328
1539.729492	20362.230469
1538.714844	20421.853516
1537.699219	20277.150391
1536.682617	20262.937500
1535.666992	20322.541016
1534.650391	20153.351563
1533.633789	20449.042969
1532.617188	20304.488281
1531.599609	20575.435547
1530.583008	20477.607422
1529.565430	20581.312500
1528.547852	20505.634766
1527.530273	20501.214844
1526.511719	20784.101563
1525.493164	20509.568359
1524.474609	20564.056641
1523.456055	20650.423828
1522.437500	20606.720703
1521.417969	20567.939453
1520.398438	20546.339844
1519.378906	20495.328125
1518.359375	20890.484375
1517.338867	20765.892578
1516.319336	20692.810547
1515.298828	20864.736328
1514.277344	21024.339844
1513.256836	20679.439453
1512.235352	21032.419922
1511.213867	20697.455078
1510.192383	20871.636719
1509.170898	20869.585938
1508.148438	20816.169922
1507.126953	21022.001953
1506.103516	20997.914063
1505.081055	20959.166016
1504.058594	21206.380859
1503.035156	21091.857422
1502.011719	20906.537109
1500.988281	21036.365234
1499.964844	21129.507813
1498.940430	21322.705078
1497.916016	21178.984375
1496.891602	21201.265625
1495.867188	21145.462891
1494.841797	21533.625000
1493.817383	21428.998047
1492.791992	21302.472656
1491.765625	21419.765625
1490.740234	21532.134766
1489.713867	21639.580078
1488.688477	21639.789063
1487.661133	21820.230469
1486.634766	21854.490234
1485.608398	22051.845703
1484.581055	22171.228516
1483.553711	22198.085938
1482.526367	22463.359375
1481.498047	22334.466797
1480.469727	22616.617188
1479.442383	22833.000000
1478.413086	22976.361328
1477.384766	22750.250000
1476.356445	22825.531250
1475.327148	23187.433594
1474.297852	23476.316406
1473.267578	23891.341797
1472.238281	23670.126953
1471.208008	24165.025391
1470.177734	24111.285156
1469.147461	24142.480469
1468.117188	24552.056641
1467.085938	24699.546875
1466.054688	25154.890625
1465.023438	25256.126953
1463.992188	25405.789063
1462.959961	25533.578125
1461.927734	25721.873047
1460.895508	25699.375000
1459.863281	25897.234375
1458.831055	25949.753906
1457.797852	25798.937500
1456.764648	26018.421875
1455.731445	26332.167969
1454.698242	25995.111328
1453.664063	26149.115234
1452.629883	26281.291016
1451.595703	26384.400391
1450.561523	26156.371094
1449.526367	25952.601563
1448.492188	26357.673828
1447.457031	26023.525391
1446.421875	26218.330078
1445.385742	26070.242188
1444.349609	25690.509766
1443.314453	25781.492188
1442.277344	25705.966797
1441.241211	25888.562500
1440.205078	25685.232422
1439.167969	25665.226563
1438.130859	25842.888672
1437.093750	25757.783203
1436.055664	25655.849609
1435.017578	25356.423828
1433.979492	25360.585938
1432.941406	25131.181641
1431.903320	24995.759766
1430.864258	25103.488281
1429.825195	24917.595703
1428.786133	24897.783203
1427.747070	24755.308594
1426.707031	24761.990234
1425.667969	24787.900391
1424.627930	24580.636719
1423.586914	24604.169922
1422.546875	24771.851563
1421.505859	25155.658203
1420.464844	25126.210938
1419.423828	24859.060547
1418.382813	24880.101563
1417.340820	25049.935547
1416.298828	25498.050781
1415.256836	25156.673828
1414.214844	25153.638672
1413.171875	25136.216797
1412.129883	25202.712891
1411.086914	25269.179688
1410.042969	25189.429688
1409.000000	25227.115234
1407.956055	25413.302734
1406.912109	25278.484375
1405.868164	25342.460938
1404.824219	25313.046875
1403.779297	25532.554688
1402.734375	25249.464844
1401.689453	25124.390625
1400.644531	25217.025391
1399.598633	25756.792969
1398.553711	25337.619141
1397.506836	25602.242188
1396.460938	25374.460938
1395.415039	25541.000000
1394.368164	25738.519531
1393.321289	25857.140625
1392.274414	25600.841797
1391.227539	25578.593750
1390.179688	25706.714844
1389.131836	25856.253906
1388.083984	25895.988281
1387.036133	26040.648438
1385.987305	26061.246094
1384.938477	25907.794922
1383.889648	26150.080078
1382.840820	26199.230469
1381.791992	26441.343750
1380.742188	25942.544922
1379.692383	26236.998047
1378.642578	26517.039063
1377.591797	26754.105469
1376.541992	26581.716797
1375.491211	26559.306641
1374.440430	27110.224609
1373.388672	26940.242188
1372.337891	27058.058594
1371.286133	27266.164063
1370.234375	26944.134766
1369.182617	26988.201172
1368.129883	27279.333984
1367.077148	27266.298828
1366.024414	27058.533203
1364.971680	27007.558594
1363.918945	27110.898438
1362.865234	27067.050781
1361.811523	27398.115234
1360.757813	27501.298828
1359.704102	27630.525391
1358.649414	27664.845703
1357.594727	27571.130859
1356.540039	27520.119141
1355.485352	27535.478516
1354.429688	27574.521484
1353.374023	27651.441406
1352.318359	27969.876953
1351.262695	27800.443359
1350.207031	28305.705078
1349.150391	27980.074219
1348.093750	28239.001953
1347.037109	28022.339844
1345.979492	28248.031250
1344.922852	28272.638672
1343.865234	28264.136719
1342.806641	28097.283203
1341.749023	28471.623047
1340.690430	28401.652344
1339.632813	28634.042969
1338.574219	28606.570313
1337.514648	28848.255859
1336.456055	29035.542969
1335.396484	28906.519531
1334.336914	28824.738281
1333.277344	28655.710938
1332.216797	28781.550781
1331.156250	28497.068359
1330.095703	28559.236328
1329.035156	28887.699219
1327.974609	28669.349609
1326.913086	28448.736328
1325.851563	28678.080078
1324.790039	28259.755859
1323.728516	28324.236328
1322.666016	28393.394531
1321.603516	28542.531250
1320.541016	28689.248047
1319.478516	28530.111328
1318.415039	28655.597656
1317.351563	28581.175781
1316.288086	28596.109375
1315.224609	28613.386719
1314.161133	28555.462891
1313.096680	28476.419922
1312.032227	28601.742188
1310.967773	28677.697266
1309.902344	28629.193359
1308.836914	28444.576172
1307.771484	28668.343750
1306.706055	28699.634766
1305.640625	28829.421875
1304.574219	28537.041016
1303.507813	28589.433594
1302.441406	28435.525391
1301.375000	28434.011719
1300.307617	28631.654297
1299.240234	28772.986328
1298.172852	28384.964844
1297.105469	28446.675781
1296.037109	28463.878906
1294.969727	28216.599609
1293.901367	28350.839844
1292.832031	27977.359375
1291.763672	28312.734375
1290.694336	27976.835938
1289.625000	28122.691406
1288.555664	28023.054688
1287.485352	27958.511719
1286.416016	27952.404297
1285.345703	27915.931641
1284.274414	28038.275391
1283.204102	28085.849609
1282.132813	27517.136719
1281.061523	27669.822266
1279.990234	27985.771484
1278.918945	27753.369141
1277.846680	27751.964844
1276.774414	27645.628906
1275.702148	27653.570313
1274.629883	28178.933594
1273.556641	27888.476563
1272.483398	27775.207031
1271.410156	28050.964844
1270.336914	28235.779297
1269.262695	28378.603516
1268.189453	28360.751953
1267.115234	28249.818359
1266.040039	28369.271484
1264.965820	28442.148438
1263.890625	27942.875000
1262.815430	28257.625000
1261.740234	28616.402344
1260.664063	28463.708984
1259.588867	28450.498047
1258.512695	28579.001953
1257.435547	28398.541016
1256.359375	28571.113281
1255.282227	28179.462891
1254.205078	28379.857422
1253.127930	28540.712891
1252.050781	28506.609375
1250.972656	28031.802734
1249.894531	28322.488281
1248.816406	28311.632813
1247.738281	28465.359375
1246.659180	28039.638672
1245.580078	28195.669922
1244.500977	27920.763672
1243.421875	27833.568359
1242.341797	27959.435547
1241.261719	28034.314453
1240.181641	28106.843750
1239.101563	27908.607422
1238.020508	27765.976563
1236.939453	28037.423828
1235.858398	28260.187500
1234.777344	27881.751953
1233.696289	27773.916016
1232.614258	27961.919922
1231.532227	27618.447266
1230.449219	27760.201172
1229.367188	27890.341797
1228.284180	27840.332031
1227.201172	27709.550781
1226.118164	27523.433594
1225.034180	27815.017578
1223.951172	27575.898438
1222.867188	27618.253906
1221.782227	27430.007813
1220.698242	27368.632813
1219.613281	27699.099609
1218.528320	27559.341797
1217.443359	27532.529297
1216.358398	27291.521484
1215.272461	27490.447266
1214.186523	27224.224609
1213.100586	27639.435547
1212.013672	27506.765625
1210.927734	27530.603516
1209.840820	27584.330078
1208.752930	27502.345703
1207.666016	27760.679688
1206.578125	27320.091797
1205.490234	27486.417969
1204.402344	27579.144531
1203.314453	27575.345703
1202.225586	27895.375000
1201.136719	27427.677734
1200.047852	27518.029297
1198.958984	27656.535156
1197.869141	26984.970703
1196.779297	27343.765625
1195.689453	27190.921875
1194.599609	27274.333984
1193.508789	26940.451172
1192.417969	27237.042969
1191.327148	26894.144531
1190.236328	27224.976563
1189.144531	27019.664063
1188.052734	27086.958984
1186.960938	26783.310547
1185.869141	27280.964844
1184.776367	27375.611328
1183.683594	27143.023438
1182.590820	27374.906250
1181.498047	27245.333984
1180.404297	27669.152344
1179.310547	27413.835938
1178.216797	27044.355469
1177.123047	27383.384766
1176.028320	27370.449219
1174.933594	27517.396484
1173.838867	27524.984375
1172.744141	27427.548828
1171.648438	27460.255859
1170.553711	27545.429688
1169.457031	27790.263672
1168.361328	27505.808594
1167.264648	27871.400391
1166.168945	27851.521484
1165.072266	28107.457031
1163.974609	28290.349609
1162.877930	28311.392578
1161.780273	28603.494141
1160.682617	28578.906250
1159.583984	28706.875000
1158.486328	28818.851563
1157.387695	29044.568359
1156.289063	29342.992188
1155.189453	29108.966797
1154.090820	29561.894531
1152.991211	29589.408203
1151.891602	29680.562500
1150.791992	29637.576172
1149.691406	29824.109375
1148.590820	29956.033203
1147.490234	30194.646484
1146.389648	30028.949219
1145.288086	29942.783203
1144.186523	29911.126953
1143.084961	30367.375000
1141.983398	30170.013672
1140.880859	30442.265625
1139.778320	30439.996094
1138.675781	30310.757813
1137.573242	30299.445313
1136.469727	30541.953125
1135.366211	30548.712891
1134.262695	30378.781250
1133.159180	31083.099609
1132.054688	31026.328125
1130.950195	31336.296875
1129.845703	31179.908203
1128.741211	31768.007813
1127.635742	31946.386719
1126.530273	31724.369141
1125.424805	31466.267578
1124.318359	31888.736328
1123.212891	31770.837891
1122.106445	31906.068359
1121.000000	31679.773438
1119.892578	31778.818359
1118.785156	31961.367188
1117.678711	31712.626953
1116.570313	31542.994141
1115.462891	31497.546875
1114.354492	31698.031250
1113.246094	31993.156250
1112.137695	32080.677734
1111.029297	32080.228516
1109.919922	32194.734375
1108.810547	32045.519531
1107.701172	31704.859375
1106.590820	32348.708984
1105.480469	32100.460938
1104.370117	32478.244141
1103.259766	32365.134766
1102.149414	32616.654297
1101.038086	32530.554688
1099.926758	32188.050781
1098.814453	32549.630859
1097.703125	32402.886719
1096.590820	32366.357422
1095.478516	32455.699219
1094.366211	32219.187500
1093.252930	31982.779297
1092.139648	32096.841797
1091.026367	32208.603516
1089.913086	32544.806641
1088.798828	32402.791016
1087.684570	32664.742188
1086.570313	32556.406250
1085.456055	32504.191406
1084.340820	32440.783203
1083.225586	32332.562500
1082.110352	32529.216797
1080.995117	32602.529297
1079.878906	32613.074219
1078.762695	32534.017578
1077.646484	32356.460938
1076.530273	32360.330078
1075.413086	32652.937500
1074.295898	32115.173828
1073.178711	32159.355469
1072.060547	32105.091797
1070.942383	32104.523438
1069.824219	32249.277344
1068.706055	31998.314453
1067.587891	32339.683594
1066.468750	32169.242188
1065.349609	32360.746094
1064.230469	32429.330078
1063.110352	32547.000000
1061.990234	32325.310547
1060.870117	32360.369141
1059.750000	32803.726563
1058.628906	32341.199219
1057.507813	32255.787109
1056.386719	32179.330078
1055.265625	32107.361328
1054.143555	31993.078125
1053.021484	32208.617188
1051.899414	31722.330078
1050.777344	31835.375000
1049.654297	31857.070313
1048.531250	31883.205078
1047.408203	31927.128906
1046.284180	31770.765625
1045.161133	31997.109375
1044.037109	32000.933594
1042.912109	31895.792969
1041.788086	32101.935547
1040.663086	31747.880859
1039.538086	31989.507813
1038.413086	31671.179688
1037.287109	31892.718750
1036.161133	31672.253906
1035.035156	31889.244141
1033.909180	32066.179688
1032.782227	32309.603516
1031.655273	31967.210938
1030.528320	32030.875000
1029.400391	32291.869141
1028.273438	31792.294922
1027.145508	31594.394531
1026.017578	31795.466797
1024.888672	31613.156250
1023.759766	31413.208984
1022.630859	31459.156250
1021.501953	31702.125000
1020.373047	31517.777344
1019.243164	31579.150391
1018.113281	31571.906250
1016.982422	31566.873047
1015.852539	31743.175781
1014.721680	31744.732422
1013.590820	31876.697266
1012.458984	31639.542969
1011.328125	31736.115234
1010.196289	31640.462891
1009.063477	31831.945313
1007.931641	31793.712891
1006.798828	32106.470703
1005.666016	32619.906250
1004.533203	32566.064453
1003.399414	33780.617188
1002.266602	33885.308594
1001.131836	33482.835938
999.998047	32745.484375
998.864258	32259.705078
997.729492	31628.728516
996.593750	31476.048828
995.458984	31521.642578
994.323242	31388.867188
993.187500	31586.343750
992.051758	31845.345703
990.916016	31804.988281
989.779297	31676.654297
988.642578	31629.748047
987.505859	32154.535156
986.368164	31749.220703
985.230469	31939.673828
984.092773	32009.189453
982.955078	32074.275391
981.816406	32277.687500
980.677734	32278.998047
979.539063	31907.121094
978.400391	32171.871094
977.260742	31982.300781
976.121094	32255.677734
974.981445	32037.656250
973.840820	32045.576172
972.700195	32478.763672
971.559570	32008.792969
970.418945	31832.646484
969.277344	32368.529297
968.135742	32422.335938
966.994141	31775.441406
965.852539	31892.835938
964.709961	31979.533203
963.567383	31829.873047
962.424805	31947.162109
961.281250	31983.470703
960.137695	31807.664063
958.994141	31843.982422
957.850586	32090.087891
956.706055	31606.281250
955.562500	32335.097656
954.416992	32310.089844
953.272461	32079.841797
952.126953	32212.074219
950.981445	32160.910156
949.835938	32007.216797
948.689453	32324.783203
947.543945	32267.076172
946.397461	32545.177734
945.250000	32310.863281
944.103516	32556.126953
942.956055	32696.683594
941.808594	32767.462891
940.660156	32518.052734
939.511719	32786.972656
938.363281	32635.628906
937.214844	33080.671875
936.066406	33083.808594
934.916992	32897.679688
933.767578	33098.757813
932.617188	32877.917969
931.467773	32885.425781
930.317383	32905.968750
929.166016	32961.261719
928.015625	33001.320313
926.864258	33223.781250
925.712891	33072.679688
924.561523	33258.109375
923.409180	32709.906250
922.256836	33333.613281
921.104492	33184.777344
919.952148	33476.257813
918.798828	33418.515625
917.645508	33529.875000
916.492188	33489.476563
915.337891	33477.261719
914.183594	33963.261719
913.029297	33743.027344
911.875000	33895.296875
910.719727	34036.667969
909.564453	33801.410156
908.409180	34076.871094
907.253906	33915.253906
906.097656	33985.101563
904.941406	34364.093750
903.785156	33742.093750
902.627930	33753.574219
901.470703	33715.347656
900.313477	33700.902344
899.156250	33792.269531
897.998047	34041.203125
896.839844	33530.218750
895.681641	33945.250000
894.522461	33788.347656
893.363281	33907.609375
892.204102	33858.601563
891.044922	33744.937500
889.884766	33780.050781
888.724609	33991.843750
887.564453	33923.457031
886.403320	34094.183594
885.242188	33926.742188
884.081055	33675.410156
882.919922	33813.777344
881.757813	33777.769531
880.595703	33655.722656
879.433594	33832.695313
878.270508	34188.054688
877.108398	33814.453125
875.945313	33918.171875
874.781250	33839.191406
873.618164	33764.539063
872.454102	33661.996094
871.289063	33724.835938
870.125000	34191.230469
868.959961	33652.957031
867.794922	33662.097656
866.629883	33977.996094
865.463867	34029.941406
864.297852	33790.246094
863.131836	33872.210938
861.964844	34114.871094
860.798828	34417.406250
859.631836	34379.191406
858.463867	34225.339844
857.296875	34628.250000
856.128906	34354.531250
854.959961	34371.988281
853.791992	35056.984375
852.623047	34883.882813
851.454102	34698.027344
850.285156	34944.136719
849.115234	35164.476563
847.945313	35053.468750
846.775391	34985.238281
845.604492	34803.828125
844.434570	34842.457031
843.262695	34654.753906
842.091797	34505.554688
840.919922	34870.707031
839.749023	34770.585938
838.576172	34444.425781
837.404297	34216.503906
836.231445	34389.480469
835.058594	34481.378906
833.884766	34464.554688
832.711914	34358.261719
831.538086	34505.460938
830.364258	34024.437500
829.189453	34275.949219
828.014648	34182.554688
826.839844	33810.457031
825.665039	34276.679688
824.489258	33864.320313
823.313477	33726.445313
822.137695	33726.800781
820.960938	33967.300781
819.784180	33980.339844
818.607422	34154.800781
817.430664	33717.558594
816.252930	33662.691406
815.075195	33665.156250
813.896484	33754.625000
812.718750	33445.179688
811.540039	33812.511719
810.361328	33662.238281
809.181641	33516.269531
808.001953	33667.109375
806.822266	33311.417969
805.642578	33574.503906
804.461914	33519.757813
803.281250	33251.164063
802.100586	33202.863281
800.918945	33414.906250
799.738281	33387.738281
798.555664	33242.117188
797.374023	33382.074219
796.191406	33500.816406
795.008789	33444.039063
793.826172	33347.132813
792.642578	33138.285156
791.458984	33292.863281
790.275391	33350.210938
789.091797	33221.734375
787.907227	33279.062500
786.722656	33414.441406
785.537109	33317.675781
784.352539	33900.132813
783.166992	33849.675781
781.980469	33778.156250
780.794922	33679.265625
779.608398	33555.136719
778.421875	33896.636719
777.234375	33454.468750
776.046875	33627.367188
774.859375	34035.949219
773.671875	33484.617188
772.483398	33602.660156
771.294922	33432.445313
770.106445	33579.871094
768.917969	33516.968750
767.728516	33882.906250
766.539063	33702.261719
765.348633	33553.218750
764.158203	33822.242188
762.967773	33870.628906
761.777344	33948.378906
760.585938	33767.917969
759.394531	33929.582031
758.203125	34214.941406
757.010742	33994.679688
755.819336	33891.945313
754.625977	33896.175781
753.433594	33730.632813
752.240234	33852.226563
751.046875	33848.066406
749.853516	33753.851563
748.659180	33781.113281
747.464844	33456.691406
746.270508	33812.566406
745.075195	33557.328125
743.879883	33839.781250
742.684570	33816.777344
741.489258	33770.777344
740.292969	33687.175781
739.096680	33350.765625
737.900391	33559.773438
736.703125	33511.777344
735.505859	33660.082031
734.308594	33816.656250
733.110352	33747.746094
731.912109	33637.132813
730.713867	34127.347656
729.514648	33818.562500
728.315430	34302.222656
727.116211	34089.421875
725.916992	34297.679688
724.716797	34355.824219
723.516602	33984.851563
722.316406	34205.460938
721.115234	34351.007813
719.914063	34236.304688
718.712891	34737.585938
717.510742	34493.855469
716.308594	34391.664063
715.106445	34736.570313
713.904297	34719.589844
712.701172	34609.093750
711.498047	34779.140625
710.293945	34346.703125
709.090820	34080.613281
707.886719	34223.656250
706.681641	34148.683594
705.477539	34021.859375
704.272461	33685.558594
703.066406	33614.906250
701.861328	33591.976563
700.655273	33730.750000
699.449219	33778.257813
698.242188	33887.898438
697.035156	33456.816406
695.828125	33618.246094
694.621094	33634.656250
693.413086	33547.554688
692.205078	33731.585938
690.997070	33592.773438
689.788086	33460.230469
688.579102	33602.773438
687.370117	33462.011719
686.160156	33428.792969
684.950195	33825.375000
683.740234	33498.730469
682.529297	33577.035156
681.318359	33562.378906
680.107422	33646.812500
678.896484	33417.511719
677.684570	33427.652344
676.472656	33549.164063
675.259766	33687.109375
674.047852	33577.582031
672.834961	33406.273438
671.621094	33521.468750
670.408203	33566.554688
669.194336	33520.996094
667.979492	33798.718750
666.765625	33786.046875
665.550781	33388.535156
664.334961	33694.871094
663.120117	33558.800781
661.904297	33755.937500
660.688477	33500.671875
659.471680	33350.355469
658.254883	33243.257813
657.038086	33427.925781
655.821289	33571.417969
654.603516	33673.765625
653.385742	33266.972656
652.166992	33295.457031
650.949219	33227.488281
649.730469	33577.992188
648.510742	33284.402344
647.291992	33353.832031
646.072266	33480.613281
644.851563	33613.468750
643.631836	33676.597656
642.411133	33422.246094
641.189453	33679.898438
639.968750	33509.585938
638.747070	33224.757813
637.525391	33318.570313
636.302734	33087.101563
635.080078	33459.000000
633.857422	33781.636719
632.633789	33486.851563
631.411133	33288.250000
630.186523	33385.957031
628.962891	33544.875000
627.738281	33609.785156
626.513672	33693.027344
625.289063	33996.621094
624.063477	34069.507813
622.837891	34011.812500
621.611328	33978.613281
620.385742	34132.980469
619.158203	34193.507813
617.931641	33962.621094
616.704102	33894.812500
615.476563	34543.898438
614.249023	34473.929688
613.020508	34182.125000
611.791992	34093.957031
610.563477	34231.656250
609.333984	34312.324219
608.104492	34474.285156
