   1.9607332e+00	
   1.9597316e+00	
   1.9587483e+00	
   1.9577834e+00	
   1.9568369e+00	
   1.9559086e+00	
   1.9549988e+00	
   1.9541072e+00	
   1.9532340e+00	
   1.9523792e+00	
   1.9515427e+00	
   1.9507245e+00	
   1.9499247e+00	
   1.9493335e+00	
   1.9480693e+00	
   1.9469971e+00	
   1.9461235e+00	
   1.9454287e+00	
   1.9448414e+00	
   1.9440354e+00	
   1.9428412e+00	
   1.9417934e+00	
   1.9411940e+00	
   1.9401483e+00	
   1.9393467e+00	
   1.9372026e+00	
   1.9351552e+00	
   1.9332385e+00	
   1.9304712e+00	
   1.9277686e+00	
   1.9244599e+00	
   1.9214321e+00	
   1.9180382e+00	
   1.9143582e+00	
   1.9111126e+00	
   1.9079011e+00	
   1.9048881e+00	
   1.9023113e+00	
   1.8987205e+00	
   1.8954251e+00	
   1.8931793e+00	
   1.8900528e+00	
   1.8877426e+00	
   1.8846491e+00	
   1.8811259e+00	
   1.8786151e+00	
   1.8760671e+00	
   1.8725461e+00	
   1.8690548e+00	
   1.8655362e+00	
   1.8617329e+00	
   1.8584402e+00	
   1.8544665e+00	
   1.8508866e+00	
   1.8466660e+00	
   1.8427803e+00	
   1.8384709e+00	
   1.8346527e+00	
   1.8309737e+00	
   1.8272885e+00	
   1.8237294e+00	
   1.8201439e+00	
   1.8161388e+00	
   1.8126430e+00	
   1.8102397e+00	
   1.8068350e+00	
   1.8042784e+00	
   1.8009128e+00	
   1.7977183e+00	
   1.7954557e+00	
   1.7920007e+00	
   1.7888405e+00	
   1.7858486e+00	
   1.7827327e+00	
   1.7797495e+00	
   1.7766596e+00	
   1.7731875e+00	
   1.7704911e+00	
   1.7674967e+00	
   1.7644464e+00	
   1.7609423e+00	
   1.7588759e+00	
   1.7566740e+00	
   1.7546307e+00	
   1.7526430e+00	
   1.7498702e+00	
   1.7470883e+00	
   1.7447676e+00	
   1.7429539e+00	
   1.7404653e+00	
   1.7383402e+00	
   1.7363788e+00	
   1.7341069e+00	
   1.7317191e+00	
   1.7286966e+00	
   1.7263027e+00	
   1.7234835e+00	
   1.7204595e+00	
   1.7177438e+00	
   1.7144521e+00	
   1.7113293e+00	
   1.7082475e+00	
   1.7052984e+00	
   1.7018620e+00	
   1.6989523e+00	
   1.6963064e+00	
   1.6930011e+00	
   1.6895360e+00	
   1.6860429e+00	
   1.6828177e+00	
   1.6800954e+00	
   1.6775421e+00	
   1.6753071e+00	
   1.6727246e+00	
   1.6702653e+00	
   1.6684568e+00	
   1.6657626e+00	
   1.6633152e+00	
   1.6611357e+00	
   1.6591747e+00	
   1.6574569e+00	
   1.6552837e+00	
   1.6534148e+00	
   1.6509851e+00	
   1.6482871e+00	
   1.6460438e+00	
   1.6441782e+00	
   1.6418102e+00	
   1.6392884e+00	
   1.6369031e+00	
   1.6342097e+00	
   1.6318516e+00	
   1.6296694e+00	
   1.6283913e+00	
   1.6274922e+00	
   1.6250295e+00	
   1.6232048e+00	
   1.6212501e+00	
   1.6195086e+00	
   1.6181672e+00	
   1.6160367e+00	
   1.6140967e+00	
   1.6122128e+00	
   1.6108346e+00	
   1.6092123e+00	
   1.6070643e+00	
   1.6048545e+00	
   1.6025844e+00	
   1.6009200e+00	
   1.5991715e+00	
   1.5974707e+00	
   1.5952631e+00	
   1.5934511e+00	
   1.5915104e+00	
   1.5897512e+00	
   1.5877131e+00	
   1.5865146e+00	
   1.5851395e+00	
   1.5838065e+00	
   1.5814361e+00	
   1.5800174e+00	
   1.5780218e+00	
   1.5762368e+00	
   1.5742844e+00	
   1.5721265e+00	
   1.5700991e+00	
   1.5680212e+00	
   1.5659882e+00	
   1.5638435e+00	
   1.5615501e+00	
   1.5591853e+00	
   1.5571132e+00	
   1.5555083e+00	
   1.5534472e+00	
   1.5518461e+00	
   1.5498957e+00	
   1.5479811e+00	
   1.5456968e+00	
   1.5441075e+00	
   1.5415127e+00	
   1.5405925e+00	
   1.5383123e+00	
   1.5369580e+00	
   1.5349132e+00	
   1.5325607e+00	
   1.5308552e+00	
   1.5294853e+00	
   1.5281164e+00	
   1.5270979e+00	
   1.5256352e+00	
   1.5242702e+00	
   1.5225462e+00	
   1.5215028e+00	
   1.5201253e+00	
   1.5185829e+00	
   1.5171107e+00	
   1.5159214e+00	
   1.5146896e+00	
   1.5136341e+00	
   1.5118141e+00	
   1.5098005e+00	
   1.5081653e+00	
   1.5066287e+00	
   1.5049273e+00	
   1.5039900e+00	
   1.5019475e+00	
   1.5005591e+00	
   1.4990416e+00	
   1.4973342e+00	
   1.4958829e+00	
   1.4944380e+00	
   1.4929448e+00	
   1.4918519e+00	
   1.4896824e+00	
   1.4875847e+00	
   1.4855544e+00	
   1.4839733e+00	
   1.4819303e+00	
   1.4799205e+00	
   1.4783843e+00	
   1.4769871e+00	
   1.4754977e+00	
   1.4736489e+00	
   1.4718082e+00	
   1.4697415e+00	
   1.4682929e+00	
   1.4669941e+00	
   1.4656381e+00	
   1.4641074e+00	
   1.4622385e+00	
   1.4605864e+00	
   1.4589294e+00	
   1.4573776e+00	
   1.4555654e+00	
   1.4538819e+00	
   1.4523055e+00	
   1.4514482e+00	
   1.4500292e+00	
   1.4484644e+00	
   1.4473809e+00	
   1.4460784e+00	
   1.4449710e+00	
   1.4438356e+00	
   1.4424410e+00	
   1.4405305e+00	
   1.4388027e+00	
   1.4365856e+00	
   1.4346773e+00	
   1.4328698e+00	
   1.4308791e+00	
   1.4288814e+00	
   1.4264800e+00	
   1.4246606e+00	
   1.4226357e+00	
   1.4210986e+00	
   1.4195112e+00	
   1.4179853e+00	
   1.4160110e+00	
   1.4143280e+00	
   1.4133300e+00	
   1.4121723e+00	
   1.4109338e+00	
   1.4093983e+00	
   1.4080129e+00	
   1.4065462e+00	
   1.4052887e+00	
   1.4037045e+00	
   1.4021715e+00	
   1.4009350e+00	
   1.3996019e+00	
   1.3983841e+00	
   1.3976638e+00	
   1.3962153e+00	
   1.3950163e+00	
   1.3939095e+00	
   1.3926381e+00	
   1.3916292e+00	
   1.3903735e+00	
   1.3891710e+00	
   1.3879862e+00	
   1.3868279e+00	
   1.3853746e+00	
   1.3837998e+00	
   1.3827570e+00	
   1.3809412e+00	
   1.3794328e+00	
   1.3781188e+00	
   1.3765654e+00	
   1.3753622e+00	
   1.3736718e+00	
   1.3722887e+00	
   1.3708717e+00	
   1.3697445e+00	
   1.3682958e+00	
   1.3672368e+00	
   1.3654682e+00	
   1.3635029e+00	
   1.3624654e+00	
   1.3606879e+00	
   1.3591258e+00	
   1.3577900e+00	
   1.3563172e+00	
   1.3547885e+00	
   1.3536326e+00	
   1.3523912e+00	
   1.3503369e+00	
   1.3489246e+00	
   1.3473418e+00	
   1.3455780e+00	
   1.3441120e+00	
   1.3424858e+00	
   1.3404764e+00	
   1.3387754e+00	
   1.3368046e+00	
   1.3356241e+00	
   1.3340656e+00	
   1.3326688e+00	
   1.3310646e+00	
   1.3298247e+00	
   1.3284339e+00	
   1.3275039e+00	
   1.3266080e+00	
   1.3254472e+00	
   1.3243115e+00	
   1.3232771e+00	
   1.3219686e+00	
   1.3209560e+00	
   1.3197443e+00	
   1.3187932e+00	
   1.3174874e+00	
   1.3165314e+00	
   1.3150491e+00	
   1.3140818e+00	
   1.3127661e+00	
   1.3117353e+00	
   1.3104243e+00	
   1.3094295e+00	
   1.3085701e+00	
   1.3079728e+00	
   1.3069826e+00	
   1.3056934e+00	
   1.3045934e+00	
   1.3038260e+00	
   1.3031910e+00	
   1.3024380e+00	
   1.3013367e+00	
   1.3000973e+00	
   1.2991399e+00	
   1.2981931e+00	
   1.2970787e+00	
   1.2959053e+00	
   1.2948277e+00	
   1.2940786e+00	
   1.2927526e+00	
   1.2912407e+00	
   1.2901985e+00	
   1.2890979e+00	
   1.2879533e+00	
   1.2868427e+00	
   1.2851203e+00	
   1.2839879e+00	
   1.2831532e+00	
   1.2816475e+00	
   1.2796904e+00	
   1.2783613e+00	
   1.2774785e+00	
   1.2763420e+00	
   1.2756415e+00	
   1.2744064e+00	
   1.2735371e+00	
   1.2721968e+00	
   1.2714541e+00	
   1.2702939e+00	
   1.2690320e+00	
   1.2675710e+00	
   1.2664254e+00	
   1.2654643e+00	
   1.2639701e+00	
   1.2629556e+00	
   1.2618384e+00	
   1.2606351e+00	
   1.2596228e+00	
   1.2583694e+00	
   1.2567705e+00	
   1.2557811e+00	
   1.2548143e+00	
   1.2532062e+00	
   1.2520877e+00	
   1.2510881e+00	
   1.2497746e+00	
   1.2485327e+00	
   1.2481854e+00	
   1.2470932e+00	
   1.2468061e+00	
   1.2457242e+00	
   1.2450955e+00	
   1.2445138e+00	
   1.2435364e+00	
   1.2426023e+00	
   1.2423440e+00	
   1.2420603e+00	
   1.2411463e+00	
   1.2406620e+00	
   1.2396424e+00	
   1.2391914e+00	
   1.2380699e+00	
   1.2369467e+00	
   1.2360408e+00	
   1.2351155e+00	
   1.2337315e+00	
   1.2324727e+00	
   1.2315281e+00	
   1.2304260e+00	
   1.2295433e+00	
   1.2287589e+00	
   1.2281467e+00	
   1.2273451e+00	
   1.2270503e+00	
   1.2260956e+00	
   1.2255269e+00	
   1.2248704e+00	
   1.2238321e+00	
   1.2226831e+00	
   1.2220906e+00	
   1.2213657e+00	
   1.2200095e+00	
   1.2191691e+00	
   1.2176585e+00	
   1.2166329e+00	
   1.2154989e+00	
   1.2146693e+00	
   1.2137223e+00	
   1.2125758e+00	
   1.2115679e+00	
   1.2107684e+00	
   1.2100919e+00	
   1.2093036e+00	
   1.2082464e+00	
   1.2074108e+00	
   1.2065305e+00	
   1.2058947e+00	
   1.2049635e+00	
   1.2042891e+00	
   1.2032855e+00	
   1.2020853e+00	
   1.2009075e+00	
   1.1996106e+00	
   1.1987985e+00	
   1.1980118e+00	
   1.1964312e+00	
   1.1957650e+00	
   1.1949791e+00	
   1.1947462e+00	
   1.1941920e+00	
   1.1933968e+00	
   1.1925204e+00	
   1.1919286e+00	
   1.1911036e+00	
   1.1905779e+00	
   1.1901701e+00	
   1.1895340e+00	
   1.1888822e+00	
   1.1882297e+00	
   1.1877341e+00	
   1.1873548e+00	
   1.1865774e+00	
   1.1865426e+00	
   1.1857923e+00	
   1.1850085e+00	
   1.1843860e+00	
   1.1839369e+00	
   1.1835640e+00	
   1.1832214e+00	
   1.1825495e+00	
   1.1825249e+00	
   1.1821808e+00	
   1.1814147e+00	
   1.1804286e+00	
   1.1795654e+00	
   1.1789853e+00	
   1.1782787e+00	
   1.1775961e+00	
   1.1772190e+00	
   1.1766704e+00	
   1.1756479e+00	
   1.1746473e+00	
   1.1741695e+00	
   1.1733425e+00	
   1.1723185e+00	
   1.1712989e+00	
   1.1709096e+00	
   1.1699137e+00	
   1.1687440e+00	
   1.1679151e+00	
   1.1665529e+00	
   1.1653659e+00	
   1.1639556e+00	
   1.1628493e+00	
   1.1614303e+00	
   1.1604096e+00	
   1.1589346e+00	
   1.1577855e+00	
   1.1569897e+00	
   1.1562965e+00	
   1.1554845e+00	
   1.1550998e+00	
   1.1543448e+00	
   1.1532173e+00	
   1.1521097e+00	
   1.1512160e+00	
   1.1507150e+00	
   1.1500255e+00	
   1.1493891e+00	
   1.1490968e+00	
   1.1490703e+00	
   1.1484664e+00	
   1.1479699e+00	
   1.1472224e+00	
   1.1463858e+00	
   1.1459610e+00	
   1.1455010e+00	
   1.1449321e+00	
   1.1441934e+00	
   1.1438747e+00	
   1.1427628e+00	
   1.1419712e+00	
   1.1411366e+00	
   1.1403952e+00	
   1.1392482e+00	
   1.1379236e+00	
   1.1366411e+00	
   1.1353856e+00	
   1.1343487e+00	
   1.1333582e+00	
   1.1330141e+00	
   1.1324723e+00	
   1.1317329e+00	
   1.1312318e+00	
   1.1309191e+00	
   1.1301599e+00	
   1.1295500e+00	
   1.1290617e+00	
   1.1285747e+00	
   1.1282254e+00	
   1.1277929e+00	
   1.1270761e+00	
   1.1269928e+00	
   1.1262571e+00	
   1.1252582e+00	
   1.1247795e+00	
   1.1238256e+00	
   1.1231409e+00	
   1.1221401e+00	
   1.1210804e+00	
   1.1207471e+00	
   1.1200424e+00	
   1.1191938e+00	
   1.1188368e+00	
   1.1182419e+00	
   1.1171558e+00	
   1.1163533e+00	
   1.1157126e+00	
   1.1150219e+00	
   1.1140121e+00	
   1.1133314e+00	
   1.1125150e+00	
   1.1113584e+00	
   1.1106137e+00	
   1.1099569e+00	
   1.1093972e+00	
   1.1089095e+00	
   1.1079224e+00	
   1.1073275e+00	
   1.1069975e+00	
   1.1065954e+00	
   1.1065460e+00	
   1.1061794e+00	
   1.1055026e+00	
   1.1056972e+00	
   1.1053737e+00	
   1.1048308e+00	
   1.1049701e+00	
   1.1044551e+00	
   1.1038172e+00	
   1.1035866e+00	
   1.1032745e+00	
   1.1022698e+00	
   1.1013128e+00	
   1.1005262e+00	
   1.0995914e+00	
   1.0990068e+00	
   1.0985327e+00	
   1.0980899e+00	
   1.0972016e+00	
   1.0964518e+00	
   1.0957952e+00	
   1.0956326e+00	
   1.0956003e+00	
   1.0955169e+00	
   1.0946606e+00	
   1.0940123e+00	
   1.0933021e+00	
   1.0928080e+00	
   1.0921527e+00	
   1.0915337e+00	
   1.0912254e+00	
   1.0906258e+00	
   1.0906665e+00	
   1.0906787e+00	
   1.0900802e+00	
   1.0892420e+00	
   1.0889614e+00	
   1.0891022e+00	
   1.0892275e+00	
   1.0889506e+00	
   1.0887507e+00	
   1.0881520e+00	
   1.0879749e+00	
   1.0877025e+00	
   1.0874036e+00	
   1.0873213e+00	
   1.0868366e+00	
   1.0861966e+00	
   1.0852911e+00	
   1.0847395e+00	
   1.0840762e+00	
   1.0834863e+00	
   1.0829741e+00	
   1.0820094e+00	
   1.0815920e+00	
   1.0811950e+00	
   1.0806337e+00	
   1.0796414e+00	
   1.0787289e+00	
   1.0783109e+00	
   1.0782939e+00	
   1.0782310e+00	
   1.0776126e+00	
   1.0771834e+00	
   1.0769479e+00	
   1.0769599e+00	
   1.0768992e+00	
   1.0762352e+00	
   1.0757930e+00	
   1.0755869e+00	
   1.0752561e+00	
   1.0745376e+00	
   1.0743046e+00	
   1.0738948e+00	
   1.0734310e+00	
   1.0727353e+00	
   1.0719904e+00	
   1.0710913e+00	
   1.0706285e+00	
   1.0697993e+00	
   1.0688273e+00	
   1.0681530e+00	
   1.0675205e+00	
   1.0668646e+00	
   1.0660404e+00	
   1.0650711e+00	
   1.0642526e+00	
   1.0635888e+00	
   1.0630203e+00	
   1.0622610e+00	
   1.0612058e+00	
   1.0603572e+00	
   1.0596209e+00	
   1.0588509e+00	
   1.0578936e+00	
   1.0574380e+00	
   1.0574066e+00	
   1.0570855e+00	
   1.0570413e+00	
   1.0571491e+00	
   1.0568414e+00	
   1.0570951e+00	
   1.0573337e+00	
   1.0573872e+00	
   1.0577082e+00	
   1.0582445e+00	
   1.0589672e+00	
   1.0592028e+00	
   1.0592658e+00	
   1.0592933e+00	
   1.0594596e+00	
   1.0593322e+00	
   1.0598413e+00	
   1.0595095e+00	
   1.0590787e+00	
   1.0583628e+00	
   1.0578612e+00	
   1.0569426e+00	
   1.0563686e+00	
   1.0562631e+00	
   1.0556307e+00	
   1.0550885e+00	
   1.0542748e+00	
   1.0533269e+00	
   1.0525287e+00	
   1.0522619e+00	
   1.0515854e+00	
   1.0512792e+00	
   1.0510310e+00	
   1.0505261e+00	
   1.0499961e+00	
   1.0491213e+00	
   1.0485857e+00	
   1.0484539e+00	
   1.0481038e+00	
   1.0480057e+00	
   1.0477039e+00	
   1.0468251e+00	
   1.0464436e+00	
   1.0460782e+00	
   1.0458056e+00	
   1.0452014e+00	
   1.0449862e+00	
   1.0449168e+00	
   1.0446042e+00	
   1.0443708e+00	
   1.0439426e+00	
   1.0435609e+00	
   1.0435069e+00	
   1.0429983e+00	
   1.0425453e+00	
   1.0421944e+00	
   1.0415123e+00	
   1.0411570e+00	
   1.0408564e+00	
   1.0404370e+00	
   1.0404603e+00	
   1.0404079e+00	
   1.0399680e+00	
   1.0399648e+00	
   1.0394140e+00	
   1.0391505e+00	
   1.0389519e+00	
   1.0386415e+00	
   1.0379845e+00	
   1.0374553e+00	
   1.0372545e+00	
   1.0373256e+00	
   1.0372108e+00	
   1.0370270e+00	
   1.0364732e+00	
   1.0355998e+00	
   1.0354603e+00	
   1.0346539e+00	
   1.0342524e+00	
   1.0339544e+00	
   1.0335726e+00	
   1.0332222e+00	
   1.0331851e+00	
   1.0330321e+00	
   1.0330472e+00	
   1.0328106e+00	
   1.0328006e+00	
   1.0326599e+00	
   1.0322659e+00	
   1.0320114e+00	
   1.0318665e+00	
   1.0316688e+00	
   1.0312235e+00	
   1.0313185e+00	
   1.0314668e+00	
   1.0315251e+00	
   1.0316057e+00	
   1.0316358e+00	
   1.0314360e+00	
   1.0312127e+00	
   1.0312729e+00	
   1.0308416e+00	
   1.0307480e+00	
   1.0305121e+00	
   1.0303480e+00	
   1.0302936e+00	
   1.0303091e+00	
   1.0296701e+00	
   1.0293725e+00	
   1.0293017e+00	
   1.0291582e+00	
   1.0288244e+00	
   1.0284247e+00	
   1.0281495e+00	
   1.0279686e+00	
   1.0275808e+00	
   1.0270409e+00	
   1.0266827e+00	
   1.0260742e+00	
   1.0258422e+00	
   1.0255297e+00	
   1.0251710e+00	
   1.0245757e+00	
   1.0239382e+00	
   1.0235148e+00	
   1.0232738e+00	
   1.0226999e+00	
   1.0225284e+00	
   1.0224911e+00	
   1.0223987e+00	
   1.0221153e+00	
   1.0220766e+00	
   1.0222475e+00	
   1.0222914e+00	
   1.0220932e+00	
   1.0221541e+00	
   1.0221964e+00	
   1.0220474e+00	
   1.0216120e+00	
   1.0214756e+00	
   1.0210630e+00	
   1.0206250e+00	
   1.0197955e+00	
   1.0194953e+00	
   1.0187729e+00	
   1.0182314e+00	
   1.0173752e+00	
   1.0166285e+00	
   1.0159068e+00	
   1.0152711e+00	
   1.0147324e+00	
   1.0144185e+00	
   1.0142085e+00	
   1.0138236e+00	
   1.0133143e+00	
   1.0131835e+00	
   1.0128283e+00	
   1.0128127e+00	
   1.0128877e+00	
   1.0131228e+00	
   1.0133599e+00	
   1.0134419e+00	
   1.0138816e+00	
   1.0144659e+00	
   1.0142044e+00	
   1.0140832e+00	
   1.0139741e+00	
   1.0142358e+00	
   1.0140720e+00	
   1.0138720e+00	
   1.0134890e+00	
   1.0132048e+00	
   1.0131431e+00	
   1.0133082e+00	
   1.0133914e+00	
   1.0129207e+00	
   1.0128026e+00	
   1.0124082e+00	
   1.0121453e+00	
   1.0122434e+00	
   1.0119554e+00	
   1.0117770e+00	
   1.0117047e+00	
   1.0118069e+00	
   1.0118763e+00	
   1.0119932e+00	
   1.0122505e+00	
   1.0119312e+00	
   1.0115080e+00	
   1.0114496e+00	
   1.0112566e+00	
   1.0113582e+00	
   1.0109775e+00	
   1.0106464e+00	
   1.0107052e+00	
   1.0109885e+00	
   1.0110891e+00	
   1.0106088e+00	
   1.0101411e+00	
   1.0095471e+00	
   1.0095173e+00	
   1.0092581e+00	
   1.0088666e+00	
   1.0085609e+00	
   1.0075212e+00	
   1.0069933e+00	
   1.0066203e+00	
   1.0060670e+00	
   1.0057684e+00	
   1.0055260e+00	
   1.0049756e+00	
   1.0043358e+00	
   1.0040355e+00	
   1.0037385e+00	
   1.0033641e+00	
   1.0032668e+00	
   1.0027477e+00	
   1.0026486e+00	
   1.0028447e+00	
   1.0027732e+00	
   1.0023779e+00	
   1.0022685e+00	
   1.0027600e+00	
   1.0023862e+00	
   1.0022330e+00	
   1.0019503e+00	
   1.0020891e+00	
   1.0022468e+00	
   1.0018370e+00	
   1.0017805e+00	
   1.0015413e+00	
   1.0016264e+00	
   1.0018780e+00	
   1.0021305e+00	
   1.0020512e+00	
   1.0021086e+00	
   1.0022454e+00	
   1.0023607e+00	
   1.0025262e+00	
   1.0024402e+00	
   1.0019875e+00	
   1.0018739e+00	
   1.0015900e+00	
   1.0014222e+00	
   1.0012543e+00	
   1.0015977e+00	
   1.0014846e+00	
   1.0007399e+00	
   1.0004871e+00	
   1.0002257e+00	
   9.9998498e-01	
   9.9985537e-01	
   9.9922201e-01	
   9.9924319e-01	
   9.9927435e-01	
   9.9955083e-01	
   9.9996074e-01	
   1.0001701e+00	
   1.0002150e+00	
   1.0003074e+00	
   1.0005677e+00	
   1.0003877e+00	
   1.0003369e+00	
   1.0000128e+00	
   1.0000231e+00	
   1.0001152e+00	
   1.0002412e+00	
   1.0005822e+00	
   1.0007924e+00	
   1.0009315e+00	
   1.0007298e+00	
   1.0004624e+00	
   1.0001740e+00	
   9.9972944e-01	
   9.9944246e-01	
   9.9961590e-01	
   9.9911938e-01	
   9.9938673e-01	
   9.9942752e-01	
   9.9972297e-01	
   9.9968108e-01	
   9.9988471e-01	
   9.9991038e-01	
   9.9963572e-01	
   9.9981322e-01	
   9.9956980e-01	
   9.9997907e-01	
   1.0000536e+00	
   1.0000439e+00	
   1.0002558e+00	
   1.0007216e+00	
   1.0010494e+00	
   1.0011396e+00	
   1.0013061e+00	
   1.0013175e+00	
   1.0010742e+00	
   1.0006419e+00	
   1.0000038e+00	
   9.9999668e-01	
   1.0000629e+00	
   9.9999488e-01	
   1.0006579e+00	
   1.0008638e+00	
   1.0006341e+00	
   1.0008740e+00	
   1.0013306e+00	
   1.0011234e+00	
   1.0016719e+00	
   1.0021232e+00	
   1.0019559e+00	
   1.0023717e+00	
   1.0021730e+00	
   1.0025917e+00	
   1.0035616e+00	
   1.0043539e+00	
   1.0047536e+00	
   1.0048429e+00	
   1.0049379e+00	
   1.0048796e+00	
   1.0049896e+00	
   1.0049819e+00	
   1.0052362e+00	
   1.0060182e+00	
   1.0064486e+00	
   1.0067591e+00	
   1.0074439e+00	
   1.0076285e+00	
   1.0079156e+00	
   1.0088383e+00	
   1.0089992e+00	
   1.0097940e+00	
   1.0100638e+00	
   1.0102777e+00	
   1.0109443e+00	
   1.0117547e+00	
   1.0121960e+00	
   1.0131606e+00	
   1.0137220e+00	
   1.0136563e+00	
   1.0132593e+00	
   1.0133192e+00	
   1.0133137e+00	
   1.0132428e+00	
   1.0131065e+00	
   1.0129049e+00	
   1.0126378e+00	
   1.0123053e+00	
   1.0119074e+00	
   1.0114441e+00	
   1.0109154e+00	
   1.0103213e+00	
   1.0096618e+00	
