   1.6124109e+01	
   1.6343508e+01	
   1.6549522e+01	
   1.6742153e+01	
   1.6921400e+01	
   1.7087264e+01	
   1.7239744e+01	
   1.7378840e+01	
   1.7504552e+01	
   1.7616880e+01	
   1.7715825e+01	
   1.7801387e+01	
   1.7873564e+01	
   1.7707628e+01	
   1.7752307e+01	
   1.7780946e+01	
   1.7817929e+01	
   1.7842320e+01	
   1.7873790e+01	
   1.7901248e+01	
   1.7924757e+01	
   1.7940814e+01	
   1.7949762e+01	
   1.7970561e+01	
   1.7988094e+01	
   1.8002653e+01	
   1.8021384e+01	
   1.8025469e+01	
   1.8026601e+01	
   1.8026011e+01	
   1.8034795e+01	
   1.8036439e+01	
   1.8021841e+01	
   1.8008691e+01	
   1.7996907e+01	
   1.7973370e+01	
   1.7941314e+01	
   1.7886528e+01	
   1.7819007e+01	
   1.7739984e+01	
   1.7640385e+01	
   1.7509849e+01	
   1.7347081e+01	
   1.7138627e+01	
   1.6891646e+01	
   1.6584407e+01	
   1.6229467e+01	
   1.5812602e+01	
   1.5330165e+01	
   1.4773661e+01	
   1.4156185e+01	
   1.3475088e+01	
   1.2750632e+01	
   1.1964434e+01	
   1.1156790e+01	
   1.0319465e+01	
   9.4705435e+00	
   8.6303411e+00	
   7.8091325e+00	
   7.0100516e+00	
   6.2457332e+00	
   5.5323744e+00	
   4.8860911e+00	
   4.3002100e+00	
   3.7719117e+00	
   3.3137606e+00	
   2.9191804e+00	
   2.5875475e+00	
   2.3099171e+00	
   2.0801814e+00	
   1.8892635e+00	
   1.7382633e+00	
   1.6213334e+00	
   1.5256799e+00	
   1.4522058e+00	
   1.3966199e+00	
   1.3550500e+00	
   1.3256248e+00	
   1.3062380e+00	
   1.2933443e+00	
   1.2875119e+00	
   1.2847759e+00	
   1.2852874e+00	
   1.2868187e+00	
   1.2894630e+00	
   1.2918499e+00	
   1.2938613e+00	
   1.2947688e+00	
   1.2942312e+00	
   1.2909397e+00	
   1.2843014e+00	
   1.2747109e+00	
   1.2630740e+00	
   1.2497102e+00	
   1.2364251e+00	
   1.2242292e+00	
   1.2134966e+00	
   1.2042541e+00	
   1.1962992e+00	
   1.1899718e+00	
   1.1851278e+00	
   1.1815154e+00	
   1.1798080e+00	
   1.1798621e+00	
   1.1813374e+00	
   1.1840121e+00	
   1.1873208e+00	
   1.1908450e+00	
   1.1950415e+00	
   1.1989383e+00	
   1.2025132e+00	
   1.2050230e+00	
   1.2059019e+00	
   1.2046603e+00	
   1.2013703e+00	
   1.1972958e+00	
   1.1928190e+00	
   1.1883367e+00	
   1.1849398e+00	
   1.1820148e+00	
   1.1791853e+00	
   1.1767064e+00	
   1.1737403e+00	
   1.1708968e+00	
   1.1680871e+00	
   1.1657796e+00	
   1.1638268e+00	
   1.1622230e+00	
   1.1606406e+00	
   1.1595212e+00	
   1.1585140e+00	
   1.1577386e+00	
   1.1571801e+00	
   1.1564039e+00	
   1.1562003e+00	
   1.1558897e+00	
   1.1559343e+00	
   1.1557906e+00	
   1.1557944e+00	
   1.1563965e+00	
   1.1568497e+00	
   1.1576392e+00	
   1.1584988e+00	
   1.1593249e+00	
   1.1604585e+00	
   1.1617395e+00	
   1.1631415e+00	
   1.1646196e+00	
   1.1662916e+00	
   1.1683784e+00	
   1.1706410e+00	
   1.1730619e+00	
   1.1753646e+00	
   1.1779098e+00	
   1.1802227e+00	
   1.1825091e+00	
   1.1845600e+00	
   1.1864252e+00	
   1.1881057e+00	
   1.1896232e+00	
   1.1907431e+00	
   1.1915889e+00	
   1.1923174e+00	
   1.1925007e+00	
   1.1925517e+00	
   1.1923987e+00	
   1.1917201e+00	
   1.1909395e+00	
   1.1900694e+00	
   1.1889483e+00	
   1.1875610e+00	
   1.1858660e+00	
   1.1843928e+00	
   1.1829845e+00	
   1.1811853e+00	
   1.1796326e+00	
   1.1776662e+00	
   1.1760340e+00	
   1.1745331e+00	
   1.1730456e+00	
   1.1714219e+00	
   1.1697202e+00	
   1.1681525e+00	
   1.1668225e+00	
   1.1650684e+00	
   1.1638355e+00	
   1.1620442e+00	
   1.1603290e+00	
   1.1593175e+00	
   1.1577165e+00	
   1.1562193e+00	
   1.1549945e+00	
   1.1534360e+00	
   1.1525374e+00	
   1.1513569e+00	
   1.1502364e+00	
   1.1494566e+00	
   1.1486857e+00	
   1.1478123e+00	
   1.1472553e+00	
   1.1464231e+00	
   1.1458293e+00	
   1.1452789e+00	
   1.1448037e+00	
   1.1442067e+00	
   1.1438337e+00	
   1.1436317e+00	
   1.1431343e+00	
   1.1424737e+00	
   1.1420336e+00	
   1.1411751e+00	
   1.1407940e+00	
   1.1401344e+00	
   1.1393806e+00	
   1.1387711e+00	
   1.1380347e+00	
   1.1374028e+00	
   1.1372168e+00	
   1.1366642e+00	
   1.1361186e+00	
   1.1357294e+00	
   1.1355249e+00	
   1.1351583e+00	
   1.1347100e+00	
   1.1342871e+00	
   1.1338067e+00	
   1.1334818e+00	
   1.1331631e+00	
   1.1322948e+00	
   1.1314603e+00	
   1.1299009e+00	
   1.1274103e+00	
   1.1243719e+00	
   1.1208643e+00	
   1.1169500e+00	
   1.1131564e+00	
   1.1091751e+00	
   1.1055897e+00	
   1.1022097e+00	
   1.0993481e+00	
   1.0970589e+00	
   1.0954109e+00	
   1.0940767e+00	
   1.0928536e+00	
   1.0926569e+00	
   1.0930466e+00	
   1.0935503e+00	
   1.0942646e+00	
   1.0955909e+00	
   1.0971000e+00	
   1.0986403e+00	
   1.0999095e+00	
   1.1008514e+00	
   1.1013557e+00	
   1.1011851e+00	
   1.1003725e+00	
   1.0992250e+00	
   1.0980679e+00	
   1.0967931e+00	
   1.0954123e+00	
   1.0940174e+00	
   1.0929145e+00	
   1.0920107e+00	
   1.0910302e+00	
   1.0902852e+00	
   1.0893632e+00	
   1.0882303e+00	
   1.0872000e+00	
   1.0867804e+00	
   1.0857450e+00	
   1.0849276e+00	
   1.0840623e+00	
   1.0835482e+00	
   1.0830127e+00	
   1.0821560e+00	
   1.0813859e+00	
   1.0807347e+00	
   1.0799085e+00	
   1.0789733e+00	
   1.0781302e+00	
   1.0773776e+00	
   1.0765459e+00	
   1.0753872e+00	
   1.0741636e+00	
   1.0733349e+00	
   1.0725965e+00	
   1.0716262e+00	
   1.0707225e+00	
   1.0698977e+00	
   1.0688706e+00	
   1.0679290e+00	
   1.0670964e+00	
   1.0661664e+00	
   1.0649305e+00	
   1.0640733e+00	
   1.0629605e+00	
   1.0619730e+00	
   1.0610584e+00	
   1.0598058e+00	
   1.0585656e+00	
   1.0572513e+00	
   1.0555708e+00	
   1.0539428e+00	
   1.0524811e+00	
   1.0508105e+00	
   1.0490753e+00	
   1.0472933e+00	
   1.0457973e+00	
   1.0447067e+00	
   1.0435103e+00	
   1.0423580e+00	
   1.0415389e+00	
   1.0404482e+00	
   1.0397408e+00	
   1.0388547e+00	
   1.0382775e+00	
   1.0376053e+00	
   1.0370149e+00	
   1.0364703e+00	
   1.0357682e+00	
   1.0352899e+00	
   1.0347281e+00	
   1.0338571e+00	
   1.0331079e+00	
   1.0322832e+00	
   1.0313723e+00	
   1.0305028e+00	
   1.0296185e+00	
   1.0287834e+00	
   1.0278760e+00	
   1.0270392e+00	
   1.0262535e+00	
   1.0257135e+00	
   1.0249877e+00	
   1.0246021e+00	
   1.0242305e+00	
   1.0235599e+00	
   1.0231150e+00	
   1.0227634e+00	
   1.0225460e+00	
   1.0221947e+00	
   1.0218766e+00	
   1.0217271e+00	
   1.0214392e+00	
   1.0214076e+00	
   1.0212219e+00	
   1.0212385e+00	
   1.0211447e+00	
   1.0211704e+00	
   1.0210854e+00	
   1.0211387e+00	
   1.0211659e+00	
   1.0212317e+00	
   1.0211326e+00	
   1.0210471e+00	
   1.0210520e+00	
   1.0210356e+00	
   1.0210813e+00	
   1.0211905e+00	
   1.0209936e+00	
   1.0206163e+00	
   1.0205376e+00	
   1.0205100e+00	
   1.0203285e+00	
   1.0202764e+00	
   1.0201972e+00	
   1.0202564e+00	
   1.0200801e+00	
   1.0201192e+00	
   1.0202199e+00	
   1.0203383e+00	
   1.0202543e+00	
   1.0204578e+00	
   1.0203876e+00	
   1.0205083e+00	
   1.0206210e+00	
   1.0207123e+00	
   1.0205359e+00	
   1.0203830e+00	
   1.0202173e+00	
   1.0199061e+00	
   1.0197785e+00	
   1.0196950e+00	
   1.0193460e+00	
   1.0189757e+00	
   1.0187739e+00	
   1.0184740e+00	
   1.0179984e+00	
   1.0175458e+00	
   1.0172056e+00	
   1.0169703e+00	
   1.0164874e+00	
   1.0161055e+00	
   1.0156487e+00	
   1.0149393e+00	
   1.0144133e+00	
   1.0139542e+00	
   1.0134087e+00	
   1.0128164e+00	
   1.0121797e+00	
   1.0113542e+00	
   1.0104264e+00	
   1.0097019e+00	
   1.0089242e+00	
   1.0082520e+00	
   1.0078636e+00	
   1.0073724e+00	
   1.0065365e+00	
   1.0057981e+00	
   1.0052168e+00	
   1.0044951e+00	
   1.0036609e+00	
   1.0030543e+00	
   1.0023251e+00	
   1.0016922e+00	
   1.0009818e+00	
   1.0004933e+00	
   9.9978251e-01	
   9.9922012e-01	
   9.9875450e-01	
   9.9832237e-01	
   9.9778059e-01	
   9.9696425e-01	
   9.9654526e-01	
   9.9601098e-01	
   9.9552974e-01	
   9.9527879e-01	
   9.9485948e-01	
   9.9462723e-01	
   9.9443487e-01	
   9.9429065e-01	
   9.9409961e-01	
   9.9374925e-01	
   9.9373634e-01	
   9.9342252e-01	
   9.9322377e-01	
   9.9300404e-01	
   9.9280410e-01	
   9.9277571e-01	
   9.9288584e-01	
   9.9281619e-01	
   9.9265121e-01	
   9.9255302e-01	
   9.9256984e-01	
   9.9279081e-01	
   9.9272282e-01	
   9.9270584e-01	
   9.9290034e-01	
   9.9289144e-01	
   9.9305891e-01	
   9.9321147e-01	
   9.9330281e-01	
   9.9367583e-01	
   9.9406206e-01	
   9.9432405e-01	
   9.9460101e-01	
   9.9466356e-01	
   9.9487795e-01	
   9.9493012e-01	
   9.9512610e-01	
   9.9535450e-01	
   9.9555144e-01	
   9.9579634e-01	
   9.9599099e-01	
   9.9610029e-01	
   9.9617002e-01	
   9.9609465e-01	
   9.9636172e-01	
   9.9648258e-01	
   9.9658179e-01	
   9.9673053e-01	
   9.9687492e-01	
   9.9687727e-01	
   9.9704372e-01	
   9.9717229e-01	
   9.9722413e-01	
   9.9752127e-01	
   9.9763036e-01	
   9.9755172e-01	
   9.9774249e-01	
   9.9770491e-01	
   9.9776334e-01	
   9.9789072e-01	
   9.9788050e-01	
   9.9794307e-01	
   9.9756888e-01	
   9.9768279e-01	
   9.9751019e-01	
   9.9751829e-01	
   9.9739199e-01	
   9.9722559e-01	
   9.9727947e-01	
   9.9717086e-01	
   9.9723513e-01	
   9.9726408e-01	
   9.9727962e-01	
   9.9719780e-01	
   9.9722032e-01	
   9.9730693e-01	
   9.9726252e-01	
   9.9724659e-01	
   9.9686373e-01	
   9.9661401e-01	
   9.9661984e-01	
   9.9656640e-01	
   9.9654380e-01	
   9.9635883e-01	
   9.9622834e-01	
   9.9603829e-01	
   9.9569746e-01	
   9.9579932e-01	
   9.9561436e-01	
   9.9545293e-01	
   9.9535399e-01	
   9.9510808e-01	
   9.9511387e-01	
   9.9507024e-01	
   9.9516358e-01	
   9.9505826e-01	
   9.9488196e-01	
   9.9486848e-01	
   9.9483086e-01	
   9.9485365e-01	
   9.9472451e-01	
   9.9470942e-01	
   9.9459411e-01	
   9.9482240e-01	
   9.9501951e-01	
   9.9533378e-01	
   9.9558224e-01	
   9.9559312e-01	
   9.9582983e-01	
   9.9600423e-01	
   9.9625351e-01	
   9.9639415e-01	
   9.9656705e-01	
   9.9675869e-01	
   9.9722527e-01	
   9.9752773e-01	
   9.9803347e-01	
   9.9810966e-01	
   9.9837217e-01	
   9.9871474e-01	
   9.9911678e-01	
   9.9952438e-01	
   9.9998657e-01	
   1.0003443e+00	
   1.0008437e+00	
   1.0013813e+00	
   1.0019165e+00	
   1.0024641e+00	
   1.0029363e+00	
   1.0036539e+00	
   1.0039266e+00	
   1.0042001e+00	
   1.0047055e+00	
   1.0050738e+00	
   1.0053572e+00	
   1.0056543e+00	
   1.0060595e+00	
   1.0063565e+00	
   1.0066567e+00	
   1.0068811e+00	
   1.0070997e+00	
   1.0070894e+00	
   1.0072779e+00	
   1.0074637e+00	
   1.0075300e+00	
   1.0077456e+00	
   1.0079684e+00	
   1.0081492e+00	
   1.0082831e+00	
   1.0086934e+00	
   1.0089153e+00	
   1.0091303e+00	
   1.0092816e+00	
   1.0096210e+00	
   1.0096536e+00	
   1.0098540e+00	
   1.0102059e+00	
   1.0104964e+00	
   1.0107514e+00	
   1.0109346e+00	
   1.0110809e+00	
   1.0111846e+00	
   1.0113741e+00	
   1.0114702e+00	
   1.0113504e+00	
   1.0113846e+00	
   1.0112922e+00	
   1.0113414e+00	
   1.0113680e+00	
   1.0113691e+00	
   1.0114547e+00	
   1.0114945e+00	
   1.0113096e+00	
   1.0114374e+00	
   1.0113894e+00	
   1.0114362e+00	
   1.0113691e+00	
   1.0117055e+00	
   1.0117885e+00	
   1.0119300e+00	
   1.0121352e+00	
   1.0124647e+00	
   1.0125981e+00	
   1.0125702e+00	
   1.0127419e+00	
   1.0126698e+00	
   1.0128573e+00	
   1.0129323e+00	
   1.0130416e+00	
   1.0132853e+00	
   1.0133991e+00	
   1.0136142e+00	
   1.0137511e+00	
   1.0139867e+00	
   1.0142021e+00	
   1.0142457e+00	
   1.0143200e+00	
   1.0146459e+00	
   1.0149167e+00	
   1.0152018e+00	
   1.0156308e+00	
   1.0161394e+00	
   1.0164150e+00	
   1.0167355e+00	
   1.0170898e+00	
   1.0173972e+00	
   1.0176192e+00	
   1.0178690e+00	
   1.0183699e+00	
   1.0187202e+00	
   1.0194828e+00	
   1.0199047e+00	
   1.0204127e+00	
   1.0210171e+00	
   1.0216679e+00	
   1.0221981e+00	
   1.0227660e+00	
   1.0232740e+00	
   1.0237668e+00	
   1.0243991e+00	
   1.0249044e+00	
   1.0255769e+00	
   1.0262955e+00	
   1.0270637e+00	
   1.0276497e+00	
   1.0282765e+00	
   1.0289527e+00	
   1.0296253e+00	
   1.0302648e+00	
   1.0308938e+00	
   1.0316730e+00	
   1.0324454e+00	
   1.0331125e+00	
   1.0338422e+00	
   1.0346091e+00	
   1.0352888e+00	
   1.0360130e+00	
   1.0368607e+00	
   1.0376260e+00	
   1.0382495e+00	
   1.0389681e+00	
   1.0396754e+00	
   1.0405119e+00	
   1.0412574e+00	
   1.0419242e+00	
   1.0428465e+00	
   1.0436413e+00	
   1.0444453e+00	
   1.0450848e+00	
   1.0459166e+00	
   1.0467817e+00	
   1.0475661e+00	
   1.0482552e+00	
   1.0490410e+00	
   1.0497453e+00	
   1.0504801e+00	
   1.0511293e+00	
   1.0518677e+00	
   1.0525856e+00	
   1.0533449e+00	
   1.0540619e+00	
   1.0547175e+00	
   1.0554609e+00	
   1.0561253e+00	
   1.0568686e+00	
   1.0575797e+00	
   1.0582213e+00	
   1.0588348e+00	
   1.0594164e+00	
   1.0601627e+00	
   1.0607076e+00	
   1.0614580e+00	
   1.0620250e+00	
   1.0626557e+00	
   1.0634365e+00	
   1.0641059e+00	
   1.0647840e+00	
   1.0654519e+00	
   1.0661209e+00	
   1.0667635e+00	
   1.0672766e+00	
   1.0677764e+00	
   1.0684510e+00	
   1.0690522e+00	
   1.0697438e+00	
   1.0703837e+00	
   1.0710268e+00	
   1.0716624e+00	
   1.0721281e+00	
   1.0725230e+00	
   1.0730233e+00	
   1.0736494e+00	
   1.0740811e+00	
   1.0747410e+00	
   1.0752863e+00	
   1.0759749e+00	
   1.0765162e+00	
   1.0770782e+00	
   1.0776423e+00	
   1.0780657e+00	
   1.0787195e+00	
   1.0792146e+00	
   1.0799406e+00	
   1.0804923e+00	
   1.0811028e+00	
   1.0818037e+00	
   1.0827046e+00	
   1.0833545e+00	
   1.0842032e+00	
   1.0846428e+00	
   1.0851326e+00	
   1.0857984e+00	
   1.0861719e+00	
   1.0866917e+00	
   1.0873404e+00	
   1.0879288e+00	
   1.0883473e+00	
   1.0888080e+00	
   1.0892649e+00	
   1.0897333e+00	
   1.0900910e+00	
   1.0904896e+00	
   1.0909363e+00	
   1.0914732e+00	
   1.0921609e+00	
   1.0928157e+00	
   1.0935084e+00	
   1.0942796e+00	
   1.0948356e+00	
   1.0954630e+00	
   1.0961477e+00	
   1.0965766e+00	
   1.0971892e+00	
   1.0976576e+00	
   1.0985058e+00	
   1.0991119e+00	
   1.0996171e+00	
   1.1002561e+00	
   1.1007280e+00	
   1.1011465e+00	
   1.1016771e+00	
   1.1021668e+00	
   1.1028798e+00	
   1.1036870e+00	
   1.1043161e+00	
   1.1049095e+00	
   1.1054021e+00	
   1.1058619e+00	
   1.1065030e+00	
   1.1069518e+00	
   1.1072362e+00	
   1.1078047e+00	
   1.1081327e+00	
   1.1087346e+00	
   1.1091680e+00	
   1.1095216e+00	
   1.1100419e+00	
   1.1106095e+00	
   1.1112030e+00	
   1.1116185e+00	
   1.1122215e+00	
   1.1127851e+00	
   1.1133460e+00	
   1.1140956e+00	
   1.1148072e+00	
   1.1155011e+00	
   1.1161365e+00	
   1.1167874e+00	
   1.1172927e+00	
   1.1176399e+00	
   1.1180450e+00	
   1.1183590e+00	
   1.1189028e+00	
   1.1192152e+00	
   1.1193383e+00	
   1.1197585e+00	
   1.1202673e+00	
   1.1207644e+00	
   1.1210260e+00	
   1.1214925e+00	
   1.1220326e+00	
   1.1226846e+00	
   1.1231833e+00	
   1.1236353e+00	
   1.1242087e+00	
   1.1249323e+00	
   1.1256000e+00	
   1.1260917e+00	
   1.1265013e+00	
   1.1272082e+00	
   1.1276953e+00	
   1.1283821e+00	
   1.1290885e+00	
   1.1295048e+00	
   1.1300648e+00	
   1.1306857e+00	
   1.1313182e+00	
   1.1319742e+00	
   1.1324381e+00	
   1.1331270e+00	
   1.1338781e+00	
   1.1344829e+00	
   1.1348717e+00	
   1.1355480e+00	
   1.1361452e+00	
   1.1366789e+00	
   1.1369365e+00	
   1.1375479e+00	
   1.1383135e+00	
   1.1390278e+00	
   1.1395650e+00	
   1.1402369e+00	
   1.1409306e+00	
   1.1418077e+00	
   1.1424970e+00	
   1.1432294e+00	
   1.1440088e+00	
   1.1446929e+00	
   1.1454298e+00	
   1.1462910e+00	
   1.1468472e+00	
   1.1475718e+00	
   1.1482126e+00	
   1.1489347e+00	
   1.1497214e+00	
   1.1503738e+00	
   1.1509961e+00	
   1.1518015e+00	
   1.1525504e+00	
   1.1530474e+00	
   1.1539344e+00	
   1.1548055e+00	
   1.1556381e+00	
   1.1563222e+00	
   1.1571885e+00	
   1.1580553e+00	
   1.1587081e+00	
   1.1595072e+00	
   1.1603222e+00	
   1.1609432e+00	
   1.1616210e+00	
   1.1623404e+00	
   1.1629280e+00	
   1.1637769e+00	
   1.1643561e+00	
   1.1652186e+00	
   1.1660850e+00	
   1.1667722e+00	
   1.1675590e+00	
   1.1682274e+00	
   1.1691466e+00	
   1.1699588e+00	
   1.1708360e+00	
   1.1716959e+00	
   1.1727691e+00	
   1.1733967e+00	
   1.1743803e+00	
   1.1752026e+00	
   1.1763448e+00	
   1.1772748e+00	
   1.1781191e+00	
   1.1789753e+00	
   1.1799248e+00	
   1.1805338e+00	
   1.1812620e+00	
   1.1820441e+00	
   1.1827974e+00	
   1.1836104e+00	
   1.1842234e+00	
   1.1849308e+00	
   1.1857259e+00	
   1.1864689e+00	
   1.1871970e+00	
   1.1877505e+00	
   1.1885568e+00	
   1.1892015e+00	
   1.1898780e+00	
   1.1906903e+00	
   1.1914963e+00	
   1.1923700e+00	
   1.1933665e+00	
   1.1941909e+00	
   1.1952164e+00	
   1.1958920e+00	
   1.1965758e+00	
   1.1974261e+00	
   1.1983376e+00	
   1.1989142e+00	
   1.1997609e+00	
   1.2006716e+00	
   1.2015824e+00	
   1.2025759e+00	
   1.2035596e+00	
   1.2045995e+00	
   1.2055742e+00	
   1.2063990e+00	
   1.2070264e+00	
   1.2078255e+00	
   1.2087956e+00	
   1.2097460e+00	
   1.2106804e+00	
   1.2118286e+00	
   1.2128440e+00	
   1.2139810e+00	
   1.2149873e+00	
   1.2158177e+00	
   1.2167641e+00	
   1.2175642e+00	
   1.2186348e+00	
   1.2197207e+00	
   1.2205465e+00	
   1.2212453e+00	
   1.2222360e+00	
   1.2232130e+00	
   1.2241957e+00	
   1.2254349e+00	
   1.2264367e+00	
   1.2274899e+00	
   1.2283647e+00	
   1.2292997e+00	
   1.2301987e+00	
   1.2314333e+00	
   1.2326890e+00	
   1.2339229e+00	
   1.2352312e+00	
   1.2365186e+00	
   1.2375906e+00	
   1.2388554e+00	
   1.2399742e+00	
   1.2409490e+00	
   1.2421815e+00	
   1.2432950e+00	
   1.2444491e+00	
   1.2453381e+00	
   1.2462488e+00	
   1.2472140e+00	
   1.2483488e+00	
   1.2494811e+00	
   1.2505728e+00	
   1.2517249e+00	
   1.2525580e+00	
   1.2537599e+00	
   1.2546032e+00	
   1.2555572e+00	
   1.2565950e+00	
   1.2576900e+00	
   1.2587882e+00	
   1.2597139e+00	
   1.2607281e+00	
   1.2615901e+00	
   1.2625058e+00	
   1.2637028e+00	
   1.2648391e+00	
   1.2657440e+00	
   1.2669365e+00	
   1.2678416e+00	
   1.2687345e+00	
   1.2698027e+00	
   1.2708377e+00	
   1.2719619e+00	
   1.2730416e+00	
   1.2739029e+00	
   1.2749444e+00	
   1.2757669e+00	
   1.2765990e+00	
   1.2776415e+00	
   1.2782692e+00	
   1.2792116e+00	
   1.2800691e+00	
   1.2809191e+00	
   1.2816962e+00	
   1.2823004e+00	
   1.2831301e+00	
   1.2837945e+00	
   1.2846691e+00	
   1.2853513e+00	
   1.2859177e+00	
   1.2865434e+00	
   1.2873661e+00	
   1.2879073e+00	
   1.2885475e+00	
   1.2891805e+00	
   1.2896130e+00	
   1.2901951e+00	
   1.2904799e+00	
   1.2909599e+00	
   1.2914417e+00	
   1.2917215e+00	
   1.2923105e+00	
   1.2928604e+00	
   1.2934328e+00	
   1.2939972e+00	
   1.2945501e+00	
   1.2951197e+00	
   1.2956477e+00	
   1.2962558e+00	
   1.2968358e+00	
   1.2974906e+00	
   1.2981404e+00	
   1.2987460e+00	
   1.2993924e+00	
   1.3000251e+00	
   1.3004811e+00	
   1.3010171e+00	
   1.3015601e+00	
   1.3020940e+00	
   1.3025551e+00	
   1.3030968e+00	
   1.3033655e+00	
   1.3039371e+00	
   1.3041843e+00	
   1.3047191e+00	
   1.3051183e+00	
   1.3056372e+00	
   1.3062169e+00	
   1.3064989e+00	
   1.3069905e+00	
   1.3075985e+00	
   1.3081999e+00	
   1.3087278e+00	
   1.3092258e+00	
   1.3099465e+00	
   1.3103647e+00	
   1.3110583e+00	
   1.3112951e+00	
   1.3117335e+00	
   1.3123427e+00	
   1.3130229e+00	
   1.3137748e+00	
   1.3143064e+00	
   1.3149257e+00	
   1.3156405e+00	
   1.3161929e+00	
   1.3169211e+00	
   1.3177440e+00	
   1.3186408e+00	
   1.3194574e+00	
   1.3204682e+00	
   1.3213556e+00	
   1.3220357e+00	
   1.3229720e+00	
   1.3238739e+00	
   1.3246342e+00	
   1.3253930e+00	
   1.3263109e+00	
   1.3270545e+00	
   1.3275911e+00	
   1.3284713e+00	
   1.3292153e+00	
   1.3300085e+00	
   1.3308923e+00	
   1.3316809e+00	
   1.3326279e+00	
   1.3334004e+00	
   1.3345774e+00	
   1.3354839e+00	
   1.3364302e+00	
   1.3373205e+00	
   1.3385073e+00	
   1.3395319e+00	
   1.3404965e+00	
   1.3416786e+00	
   1.3426097e+00	
   1.3434156e+00	
   1.3444285e+00	
   1.3453801e+00	
   1.3466239e+00	
   1.3479255e+00	
   1.3490472e+00	
   1.3502237e+00	
   1.3516055e+00	
   1.3531400e+00	
   1.3546175e+00	
   1.3559755e+00	
   1.3577064e+00	
   1.3595370e+00	
   1.3613933e+00	
   1.3631564e+00	
   1.3649484e+00	
   1.3666682e+00	
   1.3684279e+00	
   1.3701734e+00	
   1.3720812e+00	
   1.3737702e+00	
   1.3754586e+00	
   1.3770748e+00	
   1.3786594e+00	
   1.3801785e+00	
   1.3820441e+00	
   1.3838692e+00	
   1.3858166e+00	
   1.3875470e+00	
   1.3891869e+00	
   1.3909203e+00	
   1.3925737e+00	
   1.3945449e+00	
   1.3965429e+00	
   1.3983713e+00	
   1.4003207e+00	
   1.4024682e+00	
   1.4044494e+00	
   1.4066869e+00	
   1.4086218e+00	
   1.4104749e+00	
   1.4124835e+00	
   1.4143942e+00	
   1.4162500e+00	
   1.4179651e+00	
   1.4197606e+00	
   1.4214442e+00	
   1.4233303e+00	
   1.4252635e+00	
   1.4274866e+00	
   1.4295663e+00	
   1.4315445e+00	
   1.4334272e+00	
   1.4353986e+00	
   1.4371907e+00	
   1.4390510e+00	
   1.4411633e+00	
   1.4430536e+00	
   1.4448968e+00	
   1.4470456e+00	
   1.4494256e+00	
   1.4514949e+00	
   1.4536281e+00	
   1.4554435e+00	
   1.4576330e+00	
   1.4598516e+00	
   1.4615106e+00	
   1.4634567e+00	
   1.4651583e+00	
   1.4670299e+00	
   1.4690136e+00	
   1.4710760e+00	
   1.4732592e+00	
   1.4751087e+00	
   1.4772421e+00	
   1.4790751e+00	
   1.4811303e+00	
   1.4829858e+00	
   1.4846856e+00	
   1.4867051e+00	
   1.4888109e+00	
   1.4909520e+00	
   1.4930102e+00	
   1.4951706e+00	
   1.4973019e+00	
   1.4992935e+00	
   1.5013720e+00	
   1.5035343e+00	
   1.5055428e+00	
   1.5073552e+00	
   1.5089783e+00	
   1.5110619e+00	
   1.5128151e+00	
   1.5149600e+00	
   1.5169865e+00	
   1.5191190e+00	
   1.5212004e+00	
   1.5234407e+00	
   1.5258506e+00	
   1.5279555e+00	
   1.5303918e+00	
   1.5327263e+00	
   1.5349052e+00	
   1.5374658e+00	
   1.5397395e+00	
   1.5419810e+00	
   1.5441799e+00	
   1.5465300e+00	
   1.5488177e+00	
   1.5509859e+00	
   1.5532523e+00	
   1.5556079e+00	
   1.5577065e+00	
   1.5600012e+00	
   1.5622030e+00	
   1.5646260e+00	
   1.5667453e+00	
   1.5692321e+00	
   1.5715193e+00	
   1.5738989e+00	
   1.5761184e+00	
   1.5786030e+00	
   1.5806566e+00	
   1.5828725e+00	
   1.5850106e+00	
   1.5870223e+00	
   1.5889877e+00	
   1.5914542e+00	
   1.5935583e+00	
   1.5958331e+00	
   1.5982560e+00	
   1.6008457e+00	
   1.6032335e+00	
   1.6055709e+00	
   1.6084449e+00	
   1.6109137e+00	
   1.6135522e+00	
   1.6164130e+00	
   1.6190320e+00	
   1.6217053e+00	
   1.6243206e+00	
   1.6271087e+00	
   1.6296000e+00	
   1.6319509e+00	
   1.6343288e+00	
   1.6370389e+00	
   1.6392358e+00	
   1.6416375e+00	
   1.6439432e+00	
   1.6461212e+00	
   1.6489467e+00	
   1.6516480e+00	
   1.6542844e+00	
   1.6568457e+00	
   1.6596246e+00	
   1.6625088e+00	
   1.6652290e+00	
   1.6679169e+00	
   1.6708135e+00	
   1.6735261e+00	
   1.6763120e+00	
   1.6790346e+00	
   1.6818639e+00	
   1.6846470e+00	
   1.6874965e+00	
   1.6902676e+00	
   1.6927786e+00	
   1.6953359e+00	
   1.6982201e+00	
   1.7009152e+00	
   1.7034332e+00	
   1.7060132e+00	
   1.7089540e+00	
   1.7112575e+00	
   1.7140846e+00	
   1.7167444e+00	
   1.7192112e+00	
   1.7217480e+00	
   1.7243704e+00	
   1.7268874e+00	
   1.7293360e+00	
   1.7318335e+00	
   1.7343340e+00	
   1.7372714e+00	
   1.7398654e+00	
   1.7425707e+00	
   1.7453393e+00	
   1.7481214e+00	
   1.7511255e+00	
   1.7540689e+00	
   1.7569579e+00	
   1.7597994e+00	
   1.7625874e+00	
   1.7654920e+00	
   1.7683883e+00	
   1.7712706e+00	
   1.7740170e+00	
   1.7764465e+00	
   1.7795003e+00	
   1.7822691e+00	
   1.7846230e+00	
   1.7872893e+00	
   1.7896421e+00	
   1.7923478e+00	
   1.7953545e+00	
   1.7983115e+00	
   1.8008219e+00	
   1.8038661e+00	
   1.8066920e+00	
   1.8095821e+00	
   1.8125260e+00	
   1.8158681e+00	
   1.8187707e+00	
   1.8216652e+00	
   1.8245684e+00	
   1.8273422e+00	
   1.8301794e+00	
   1.8332052e+00	
   1.8358927e+00	
   1.8389567e+00	
   1.8417574e+00	
   1.8451134e+00	
   1.8478337e+00	
   1.8502483e+00	
   1.8528715e+00	
   1.8555757e+00	
   1.8582190e+00	
   1.8612776e+00	
   1.8642426e+00	
   1.8669857e+00	
   1.8696323e+00	
   1.8724839e+00	
   1.8751013e+00	
   1.8778487e+00	
   1.8805125e+00	
   1.8834867e+00	
   1.8860646e+00	
   1.8886842e+00	
   1.8914483e+00	
   1.8942172e+00	
   1.8968251e+00	
   1.8996040e+00	
   1.9025453e+00	
   1.9055336e+00	
   1.9085691e+00	
   1.9116516e+00	
   1.9147812e+00	
   1.9179579e+00	
   1.9211817e+00	
   1.9244525e+00	
   1.9277705e+00	
   1.9311355e+00	
   1.9345476e+00	
   1.9380068e+00	
