1,65535,65535,65535,65535,65535,65535,65535,65535,65535,65535,65535,65535,65535,65535,65535
2,65535,65535,65535,65535,65535,65535,65535,65535,65535,65535,65535,65535,65535,65535,65535
3,65535,65535,65535,65535,65535,65535,65535,65535,65535,65535,65535,65535,65535,65535,65535
4,65535,65535,65535,65535,65535,65535,65535,65535,65535,65535,65535,65535,65535,65535,65535
5,65535,65535,65535,65535,65535,65535,65535,65535,65535,65535,65535,65535,65535,65535,65535
6,65535,65535,65535,65535,65535,65535,65535,65535,65535,65535,65535,65535,65535,65535,65535
7,65535,65535,65535,65535,65535,65535,65535,65535,65535,65535,65535,65535,65535,65535,65535
8,65535,65535,65535,65535,65535,65535,65535,65535,65535,65535,65535,65535,65535,65535,65535
9,65535,65535,65535,65535,65535,65535,65535,65535,65535,65535,65535,65535,65535,65535,65535
10,65535,65535,65535,65535,65535,65535,65535,65535,65535,65535,65535,65535,65535,65535,65535
11,65535,65535,65535,65535,65535,65535,65535,65535,65535,65535,65535,65535,65535,65535,65535
12,65535,65535,65535,65535,65535,65535,65535,65535,65535,65535,65535,65535,65535,65535,65535
13,65535,65535,65535,65535,65535,65535,65535,65535,65535,65535,65535,65535,65535,65535,65535
14,65535,65535,65535,65535,65535,65535,65535,65535,65535,65535,65535,65535,65535,65535,65535
15,65535,65535,65535,65535,65535,65535,65535,65535,65535,65535,65535,65535,65535,65535,65535
16,65535,65535,65535,65535,65535,65535,65535,65535,65535,65535,65535,65535,65535,65535,65535
17,65535,65535,65535,65535,65535,65535,65535,65535,65535,65535,65535,65535,65535,65535,65535
18,53037,51851,53866,52709,54759,53149,52712,54317,53610,52958,52937,54808,55613,54833,55960
19,22501,22121,22717,22246,23120,22466,22221,22759,22369,22194,22258,22601,22613,22586,22988
20,15649,15323,15565,15411,15837,15308,15332,15574,15374,15253,15278,15490,15240,15347,15559
21,13205,12995,13110,13019,13498,12982,13047,13225,12930,12837,13026,12846,12973,13015,13138
22,11895,11690,11719,11758,12015,11803,11718,11809,11628,11629,11674,11677,11655,11702,11682
23,10909,10717,10777,10770,11040,10719,10825,10864,10727,10613,10786,10719,10627,10685,10736
24,10261,10282,10277,10229,10499,10202,10235,10273,10092,10195,10146,10247,10112,10100,10236
25,9752,9724,9777,9708,9921,9683,9768,9784,9702,9763,9742,9687,9625,9624,9725
26,9370,9249,9163,9193,9350,9215,9200,9279,9226,9191,9194,9216,9111,9213,9094
27,8954,8914,8908,8914,9071,8920,8882,8912,8922,8876,8944,8840,8903,8939,8934
28,8681,8698,8700,8687,8833,8654,8632,8761,8707,8623,8688,8683,8640,8720,8706
29,8600,8572,8705,8541,8768,8611,8563,8628,8560,8580,8640,8544,8521,8583,8592
30,8573,8603,8622,8526,8622,8621,8652,8697,8650,8616,8755,8567,8575,8504,8501
31,8490,8395,8524,8567,8537,8459,8610,8664,8522,8426,8567,8516,8439,8490,8458
32,8451,8366,8444,8408,8482,8376,8395,8526,8337,8348,8462,8379,8426,8308,8402
33,8055,8070,8088,8152,8151,8118,8060,8132,8048,7965,8170,8146,8112,8043,8050
34,7939,7884,8009,7927,8066,7958,7896,7982,7919,7870,8047,8016,7904,7942,7963
35,8086,8039,8140,8042,8023,7980,8051,8168,8038,7990,8092,8099,8003,8055,7966
36,8135,8054,8056,7991,8138,8115,8139,8201,8076,7943,8137,8163,8021,8095,8135
37,8068,7852,7904,7961,8195,7954,8000,8046,7914,7895,7994,7987,7809,7903,7982
38,7706,7535,7548,7600,7734,7600,7679,7711,7518,7414,7600,7527,7544,7513,7630
39,7192,7083,7047,7101,7242,7102,7120,7199,6970,6993,7059,7057,6979,7024,7048
40,6553,6463,6463,6521,6594,6475,6522,6524,6406,6375,6425,6515,6418,6449,6451
41,6206,6159,6108,6113,6122,6105,6126,6139,6112,6046,6096,6081,6105,6091,6091
42,5907,5908,5946,5906,5936,5916,5916,5952,5916,5886,5961,5851,5891,5878,5926
43,5759,5752,5730,5814,5860,5780,5808,5830,5772,5760,5831,5703,5759,5744,5740
44,5713,5677,5654,5657,5728,5675,5708,5674,5607,5612,5668,5647,5601,5649,5683
45,5581,5566,5567,5533,5583,5547,5586,5544,5539,5551,5557,5578,5541,5553,5489
46,5445,5415,5431,5492,5492,5432,5469,5479,5391,5523,5486,5434,5405,5404,5430
47,5361,5369,5355,5329,5367,5344,5372,5348,5327,5351,5334,5411,5333,5292,5331
48,5275,5253,5246,5284,5280,5297,5253,5366,5212,5265,5242,5255,5249,5222,5240
49,5177,5154,5187,5148,5191,5164,5141,5171,5130,5108,5152,5167,5179,5166,5203
50,5106,5104,5130,5085,5127,5131,5096,5111,5111,5128,5099,5036,5031,5111,5063
51,4989,5040,5082,5080,5051,5010,5034,5080,5065,4992,5050,5088,4996,5047,5020
52,4980,5014,5019,5008,5002,5033,5022,4991,4970,4987,4966,4986,4976,4979,4993
53,5074,4998,4991,5080,5016,5011,5071,5058,4931,5018,5027,5011,4999,5012,5024
54,5062,5023,4998,5050,5049,4976,5024,5056,4972,4963,5028,4980,4966,4999,4938
55,5022,4987,4956,4951,5020,4996,4995,5018,4917,4953,4955,5001,4954,4932,4944
56,4902,4865,4877,4897,4955,4852,4871,4888,4824,4812,4857,4835,4850,4835,4822
57,4756,4786,4769,4811,4823,4828,4773,4771,4779,4739,4799,4799,4773,4782,4735
58,4722,4679,4708,4721,4749,4698,4726,4770,4666,4687,4731,4748,4701,4716,4681
59,4633,4615,4627,4612,4673,4614,4615,4611,4626,4591,4625,4647,4604,4592,4656
60,4584,4531,4591,4558,4582,4597,4584,4628,4544,4576,4611,4564,4557,4577,4527
61,4489,4447,4454,4518,4553,4515,4517,4469,4509,4448,4489,4449,4446,4496,4526
62,4464,4444,4498,4490,4479,4478,4478,4487,4417,4412,4492,4496,4440,4471,4434
63,4407,4377,4437,4433,4466,4406,4432,4450,4443,4430,4449,4384,4415,4439,4390
64,4373,4412,4396,4397,4379,4384,4366,4388,4352,4375,4345,4364,4425,4353,4356
65,4441,4391,4396,4424,4428,4427,4436,4405,4338,4366,4401,4396,4380,4368,4368
66,4555,4498,4497,4486,4482,4503,4556,4538,4515,4454,4509,4550,4496,4449,4451
67,4682,4668,4671,4672,4672,4659,4674,4668,4642,4654,4668,4662,4696,4708,4670
68,4792,4835,4793,4840,4836,4809,4837,4822,4800,4808,4857,4809,4779,4800,4842
69,4862,4921,4908,4908,4923,4912,4950,4918,4916,4910,4944,4952,4971,4871,4914
70,4908,4923,4915,5001,4916,4923,4877,4986,4880,4895,4924,4917,4941,4910,4953
71,4987,4976,5021,5056,4965,5007,4988,5008,4964,4998,4999,5009,4942,4945,4931
72,5392,5299,5378,5373,5386,5377,5377,5371,5333,5368,5358,5400,5317,5391,5348
73,6484,6556,6516,6526,6464,6463,6473,6512,6522,6488,6563,6470,6499,6476,6464
74,8572,8573,8591,8607,8638,8617,8632,8597,8614,8570,8587,8521,8577,8593,8612
75,11119,11151,11156,11197,11226,11157,11171,11230,11135,11142,11237,11236,11193,11249,11137
76,13494,13607,13573,13591,13581,13528,13580,13582,13607,13511,13658,13503,13575,13594,13646
77,15484,15451,15583,15610,15493,15512,15624,15494,15487,15476,15646,15533,15567,15466,15525
78,16918,16960,16996,16946,17083,16974,17019,17020,17034,17029,17063,17058,17011,17050,17125
79,18676,18701,18747,18792,18767,18711,18787,18840,18848,18676,18761,18799,18722,18776,18736
80,20920,20937,21006,21078,21066,21019,21027,21113,21001,21124,21008,21061,21063,21055,20975
81,23762,23650,23722,23930,23929,23854,23847,23889,23787,23771,23853,23875,23880,23939,23882
82,26438,26481,26589,26427,26513,26609,26508,26749,26581,26474,26496,26615,26480,26589,26591
83,28455,28598,28686,28641,28677,28580,28738,28666,28598,28553,28687,28674,28597,28621,28656
84,29987,29853,29962,30031,29997,30024,29946,30033,29891,29901,30000,30036,29973,30019,30184
85,30994,31095,31079,30988,31054,31163,31154,31099,31112,30986,31071,31176,31119,31032,31000
86,32156,32291,32322,32207,32158,32127,32182,32208,32074,32132,32115,32278,32217,31988,32020
87,33356,33423,33344,33534,33474,33351,33407,33529,33383,33298,33318,33463,33297,33264,33320
88,34733,34526,34722,34706,34684,34703,34745,34554,34553,34570,34651,34608,34554,34578,34554
89,35823,35920,35935,35864,36003,35897,35955,35933,35780,35848,35918,35968,35844,35870,35720
90,36915,36931,36963,36977,37013,37144,36970,36942,36882,36863,36948,36913,36870,36768,36801
91,37725,37811,37900,37801,37818,37844,37777,37833,37756,37776,37712,37776,37729,37700,37654
92,38074,38287,38297,38404,38389,38238,38227,38413,38112,38287,38370,38158,38199,38307,38372
93,38290,38045,38172,38301,38285,38203,38246,38208,38184,38164,38098,38139,38104,38219,38147
94,37747,37688,37818,37907,37829,37827,37694,37737,37619,37827,37758,37735,37737,37584,37822
95,37302,37249,37146,37235,37363,37170,37186,37308,37053,37028,37049,37134,36946,37121,36948
96,36545,36615,36472,36552,36668,36590,36619,36578,36375,36376,36379,36429,36418,36187,36446
97,35904,35999,35958,35988,35873,36008,35993,35850,35934,35748,35788,35729,35669,35765,35633
98,35442,35433,35477,35417,35456,35325,35445,35332,35242,35343,35289,35403,34948,35232,35066
99,34571,34597,34782,34615,34766,34603,34499,34499,34404,34538,34578,34410,34513,34366,34506
100,33646,33700,33723,33667,33850,33810,33582,33791,33738,33670,33491,33495,33508,33471,33410
101,32859,32844,32849,32781,32898,32779,32766,32731,32765,32695,32696,32661,32586,32676,32586
102,31981,32019,31992,32009,31988,32059,31855,31879,32008,31888,31818,31767,31628,31793,31656
103,31107,31234,31089,31261,31137,30979,31051,31136,31102,31007,31003,31031,30933,30961,30897
104,30645,30589,30578,30597,30497,30438,30566,30566,30367,30419,30260,30274,30307,30267,30275
105,29941,29931,30157,29935,30072,29894,30045,29948,29751,29787,29745,29588,29722,29731,29634
106,29251,29429,29291,29455,29285,29216,29236,29197,29271,29197,29136,29019,29063,28967,29100
107,28611,28592,28633,28785,28765,28621,28672,28720,28506,28485,28433,28468,28377,28411,28378
108,28163,28088,28069,28124,28056,28083,28065,28042,28030,27913,27928,27915,27800,27792,27933
109,27675,27721,27589,27587,27642,27572,27538,27459,27520,27384,27232,27292,27312,27265,27350
110,27264,27268,27291,27292,27065,26913,27045,27132,27100,26958,26945,26862,26901,26802,26778
111,26928,26742,26824,26830,26796,26731,26618,26727,26606,26604,26538,26483,26435,26435,26479
112,26489,26461,26440,26440,26465,26412,26329,26342,26286,26114,26227,26210,26128,26058,26039
113,26324,26266,26226,26152,26129,26049,26122,26010,25858,26080,25955,25966,25929,25776,25879
114,26151,26060,26135,25905,25811,25897,25862,25918,25856,25743,25679,25638,25575,25622,25688
115,26028,25966,26030,25859,25825,25682,25711,25552,25642,25640,25478,25563,25531,25417,25472
116,26032,25850,25848,25813,25874,25670,25857,25739,25637,25584,25670,25466,25388,25576,25471
117,26020,25970,25968,25958,25884,25911,25886,25790,25714,25772,25604,25632,25484,25683,25512
118,26160,26267,26300,26139,26200,25855,26062,25878,25957,25872,25797,25725,25730,25713,25576
119,26417,26437,26466,26396,26324,26171,26185,26200,26157,26072,25910,26077,25922,25880,25805
120,26802,26739,26592,26495,26535,26444,26460,26509,26446,26294,26277,26272,26187,26160,26151
121,27180,27021,27184,26971,26811,26805,26715,26827,26558,26586,26592,26477,26474,26411,26450
122,27593,27530,27402,27372,27328,27363,27207,27095,27032,26971,26823,26966,26868,26824,26751
123,27901,27952,27757,27874,27708,27699,27573,27481,27518,27306,27347,27145,27130,27079,26965
124,28349,28337,28249,28209,28146,28096,28023,27850,27834,27796,27733,27742,27582,27557,27426
125,28786,28754,28731,28463,28643,28560,28612,28641,28483,28271,28206,28180,28016,28073,28024
126,29338,29313,29236,28998,29047,29087,28946,28817,28831,28678,28623,28556,28552,28319,28305
127,29909,29760,29744,29603,29661,29473,29331,29369,29175,29314,28961,28976,28908,28949,28952
128,30349,30251,30104,30146,29895,29967,29829,29809,29750,29653,29575,29364,29447,29279,29309
129,30856,30800,30638,30511,30523,30312,30292,30351,30086,30066,29980,29943,29867,29843,29743
130,31405,31168,31297,31141,30879,30987,30935,30767,30886,30549,30411,30450,30426,30381,30130
131,32093,31866,31731,31622,31658,31460,31454,31339,31165,31073,31015,30862,30854,30707,30796
132,32451,32483,32332,32178,32160,32023,31879,31875,31747,31723,31526,31379,31376,31217,31289
133,33069,32846,32951,32742,32591,32546,32531,32455,32247,32155,32087,32159,31891,31796,31763
134,33451,33527,33345,33203,33182,33066,33134,33032,32897,32696,32631,32661,32590,32301,32352
135,34061,33953,34144,33811,33518,33614,33633,33376,33334,33201,33188,33052,32996,32796,32736
136,34710,34687,34438,34443,34329,34083,34154,33901,33957,33648,33522,33543,33419,33385,33360
137,35134,35063,34915,34768,34619,34668,34575,34446,34307,34209,34221,33995,33988,34002,33843
138,35734,35649,35487,35429,35288,35206,34918,34954,34766,34718,34723,34542,34407,34352,34244
139,36065,36100,36095,35973,35642,35634,35479,35525,35207,35304,35084,34880,34862,34891,34788
140,36701,36543,36575,36423,36191,36237,36185,35997,35785,35533,35569,35487,35367,35182,35203
141,37199,36994,37094,36789,36720,36578,36582,36443,36377,36232,35946,35960,35767,35773,35622
142,37751,37613,37640,37194,37217,37127,37012,36830,36791,36541,36519,36418,36202,36073,36191
143,38224,37828,37765,37835,37640,37487,37269,37246,37209,37122,37020,36803,36746,36685,36572
144,38489,38308,38216,38028,38046,37779,37771,37637,37527,37326,37198,37314,37072,36992,37021
145,38718,38696,38506,38313,38247,38191,38030,37994,37976,37791,37657,37373,37299,37239,37276
146,38895,38942,38831,38755,38532,38590,38156,38381,38046,37981,37962,37746,37553,37667,37502
147,39263,39294,39128,38980,38835,38643,38601,38427,38404,38259,38119,38094,37905,37659,37628
148,39572,39439,39199,39269,39198,39010,38915,38807,38634,38307,38304,38160,38117,38000,37770
149,39691,39697,39507,39440,39096,39090,39009,38979,38832,38566,38529,38391,38327,38194,37934
150,39829,39621,39588,39277,39330,39180,38978,39061,38792,38835,38520,38447,38264,38222,38249
151,39893,39720,39801,39514,39359,39281,39233,39163,38848,38726,38653,38663,38446,38475,38415
152,40124,39691,39789,39543,39608,39449,39275,38996,38957,38911,38713,38680,38398,38405,38452
153,39917,39918,39745,39737,39598,39494,39355,39183,39302,38973,38628,38773,38557,38584,38382
154,40068,40129,39888,39759,39649,39506,39379,39273,39064,39103,38845,38739,38608,38261,38437
155,40216,39993,39924,39848,39885,39450,39497,39199,39307,39013,38834,38687,38614,38721,38338
156,40307,40099,40001,39794,39729,39603,39576,39409,39232,39023,39032,38915,38824,38819,38678
157,40316,40075,40031,39876,39704,39624,39556,39359,39352,39181,39112,38963,38929,38793,38668
158,40578,40229,40086,39938,39735,39747,39604,39600,39395,39349,39023,39018,38987,38792,38655
159,40607,40423,40248,40055,39936,39844,39674,39572,39574,39335,39044,39096,38943,38884,38764
160,40638,40719,40308,40057,40106,39931,39767,39788,39569,39633,39260,39225,38980,38929,38831
161,40513,40471,40358,40304,40262,39927,40001,39786,39754,39515,39435,39272,39100,39134,39051
162,40711,40448,40627,40377,40407,40056,40005,39835,39808,39663,39501,39343,39151,39170,39062
163,40902,40758,40676,40402,40185,40262,40252,39989,39809,39762,39490,39583,39497,39143,39247
164,40933,40737,40673,40541,40564,40421,40163,40180,40084,39839,39565,39462,39547,39442,39235
165,41267,41107,40952,40551,40635,40367,40324,40173,40017,39817,39667,39683,39550,39567,39290
166,41228,41115,40911,40783,40656,40521,40248,40387,40091,40089,39745,39772,39579,39410,39471
167,41315,41164,40882,40875,40810,40716,40519,40469,40295,40071,39816,39787,39857,39608,39587
168,41354,41377,41053,40874,40891,40594,40678,40460,40329,40263,40031,40006,39815,39860,39723
169,41421,41330,41184,41109,40843,40849,40665,40575,40371,40226,40229,40129,39949,39896,39798
170,41539,41449,41440,41085,40953,40903,40773,40588,40475,40451,40246,40013,39960,39807,39808
171,41767,41383,41449,41209,41107,41054,40904,40804,40686,40369,40506,40231,40158,40029,39978
172,41809,41623,41634,41472,41214,41046,41128,40917,40854,40799,40415,40306,40275,40285,40245
173,42048,41941,41846,41624,41398,41357,41366,41126,40887,40820,40670,40587,40552,40354,40114
174,42186,42063,41943,41855,41682,41752,41284,41263,41069,41156,40826,40686,40687,40626,40492
175,42381,42114,42128,42036,42052,41709,41536,41620,41343,41146,40889,40933,40655,40676,40696
176,42524,42364,42118,42081,42007,41652,41699,41599,41507,41315,41182,41049,40728,40990,40631
177,42697,42471,42297,42232,42113,42126,41966,41691,41619,41299,41302,41105,40908,40928,40964
178,42726,42760,42471,42246,42288,42018,41922,41851,41555,41379,41255,41351,41008,40972,40822
179,42683,42795,42597,42335,42235,42265,41939,41905,41706,41392,41434,41431,41243,41197,40949
180,42696,42651,42659,42312,42422,42201,42187,41790,41576,41701,41499,41467,41216,41212,40915
181,42941,42746,42614,42509,42272,42206,41915,41961,41699,41568,41481,41348,41229,41131,41057
182,43025,42965,42675,42586,42427,42416,42158,41966,41935,41599,41650,41601,41368,41227,41234
183,43012,42896,42756,42673,42467,42280,42348,42206,42055,41841,41630,41525,41638,41346,41318
184,43150,42947,42988,42747,42714,42428,42313,42065,42153,41917,41684,41710,41467,41254,41231
185,43222,42968,42989,42821,42653,42581,42331,42282,42241,41804,41671,41599,41554,41440,41450
186,43230,43130,43008,42835,42647,42448,42371,42204,42429,42072,41971,41709,41711,41549,41557
187,43067,43001,42700,42815,42730,42678,42447,42234,42159,41976,41775,41767,41476,41520,41333
188,43131,43007,42891,42816,42629,42492,42351,42092,42086,41806,41772,41665,41609,41350,41250
189,43173,42865,42945,42651,42492,42505,42411,42250,42050,41886,41849,41522,41395,41299,41326
190,43153,43054,42820,42612,42611,42436,42221,42210,42065,41937,41765,41635,41481,41539,41513
191,43193,43093,42902,42696,42540,42368,42320,42244,41973,41845,41785,41675,41402,41390,41315
192,43054,42895,42971,42730,42600,42351,42232,42285,42068,41881,41639,41632,41508,41292,41275
193,43181,42864,42845,42767,42620,42228,42267,42184,42082,42009,41751,41654,41455,41359,41271
194,43184,43063,42853,42612,42447,42443,42216,42248,42034,41980,41649,41422,41518,41399,41515
195,43242,42950,42766,42528,42503,42315,42233,42239,42142,41772,41802,41892,41398,41146,41363
196,43187,43030,42998,42809,42511,42331,42305,42163,41992,41939,41661,41662,41527,41519,41340
197,43152,42974,42810,42697,42589,42342,42328,42246,42104,41831,41912,41471,41518,41450,41302
198,43131,42989,42875,42809,42497,42421,42300,42133,41983,41743,41596,41756,41554,41239,41485
199,43167,42834,42664,42733,42710,42409,42469,42161,42046,41852,41752,41714,41497,41461,41225
200,43073,43136,42795,42609,42533,42232,42433,42220,42029,41849,41730,41538,41524,41308,41296
201,43021,43036,42816,42565,42603,42387,42359,42209,41991,41948,41781,41403,41604,41462,41449
202,43051,43033,42794,42699,42570,42270,42334,42219,42069,41969,41505,41611,41390,41450,41274
203,43088,42983,42874,42569,42676,42399,42191,42113,41954,41935,41662,41562,41486,41332,41296
204,43071,42849,42809,42549,42466,42367,42148,42066,41961,41856,41722,41454,41290,41334,41191
205,43043,42967,42722,42638,42617,42428,42364,42080,41934,41647,41496,41404,41452,41425,41082
206,42904,42795,42758,42777,42527,42237,42213,42032,41994,41890,41795,41480,41429,41312,41210
207,43003,42752,42695,42676,42286,42176,42035,42091,41796,41857,41560,41366,41416,41247,41227
208,42892,42851,42732,42488,42476,42273,42135,42047,41829,41641,41492,41395,41164,41241,41226
209,42717,42975,42637,42490,42463,42306,42074,41885,41739,41732,41737,41281,41135,41196,41105
210,42824,42748,42663,42458,42429,42067,41996,41867,41832,41566,41472,41372,41193,41114,40936
211,42944,42565,42550,42395,42118,41985,41993,41746,41463,41548,41565,41145,41176,41098,40924
212,42599,42488,42290,42406,42137,41983,41950,41821,41487,41579,41387,41293,40992,41075,40861
213,42650,42507,42572,42246,42176,41906,41990,41717,41506,41288,41346,40949,40881,40820,40853
214,42593,42524,42332,42051,41963,41863,41666,41633,41511,41218,41115,41128,41049,40934,40712
215,42581,42356,42299,42145,41986,41701,41500,41610,41520,41304,41327,41127,40882,40792,40720
216,42498,42409,42149,42089,41995,41857,41697,41632,41540,41336,41162,41031,40947,40849,40658
217,42755,42495,42317,42117,42023,41902,41878,41879,41550,41288,41204,41003,41078,40789,40704
218,42843,42610,42673,42223,42253,42035,41942,41907,41689,41457,41361,41153,41139,41139,41077
219,42945,42915,42705,42464,42432,42274,42214,42356,41901,41735,41410,41408,41379,41319,41068
220,43256,43249,43138,42992,42745,42711,42530,42599,42298,42228,41950,41872,41743,41697,41481
221,43844,43607,43352,43187,43217,42875,42987,42784,42644,42485,42167,42255,42091,41966,42000
222,44243,44036,43875,43796,43635,43509,43147,43355,43049,42927,42868,42732,42694,42420,42374
223,44533,44612,44558,44342,44215,43857,44011,43816,43599,43557,43275,43220,43005,43037,42922
224,45184,44899,44867,44802,44372,44521,44311,44014,43988,43865,43626,43649,43435,43391,43426
225,45281,45170,44999,44919,44740,44812,44682,44648,44417,44321,44005,43959,43841,43645,43600
226,45471,45336,45223,44971,44828,44640,44461,44512,44213,43997,43816,43774,43740,43511,43464
227,44952,44937,44816,44682,44497,44262,44218,44164,43898,43682,43627,43569,43383,43167,43046
228,44329,44007,43884,43997,43821,43522,43457,43302,43113,43060,42799,42787,42605,42530,42434
229,43448,43227,43100,42908,42728,42724,42689,42447,42295,42129,41876,41868,41856,41745,41457
230,42296,42220,42093,42155,41834,41707,41580,41413,41163,41181,40944,40909,40746,40657,40525
231,41375,41008,40990,40898,40743,40630,40631,40627,40316,40394,39830,39970,39720,39674,39743
232,40434,40467,40187,40057,39745,39641,39738,39559,39491,39334,39215,38920,38953,38736,38675
233,39651,39353,39283,39218,39170,38886,38848,38687,38562,38457,38276,38091,38019,37925,37874
234,38891,38675,38561,38356,38486,38244,37969,37863,37948,37824,37429,37457,37328,37343,37173
235,38278,38206,37834,37815,37824,37599,37448,37213,37175,37141,36846,36897,36643,36567,36526
236,37646,37556,37522,37372,37223,37078,36942,36898,36685,36488,36363,36348,36314,36070,35810
237,37336,37126,37024,36864,36740,36691,36404,36434,36246,36189,35934,35818,35867,35612,35445
238,36952,36854,36622,36545,36549,36145,36129,36014,35789,35734,35579,35541,35425,35247,35192
239,36634,36659,36451,36305,36220,35995,35847,35804,35637,35547,35394,35287,35228,35121,34937
240,36559,36322,36203,36380,36135,36061,35695,35692,35681,35325,35347,35310,34961,34899,34904
241,36409,36522,36123,36007,35895,35901,35722,35715,35450,35245,35279,35101,35075,34968,34871
242,36401,36309,36209,36139,36065,35663,35740,35609,35630,35485,35247,35096,34981,34884,34887
243,36455,36149,36017,35942,35803,35643,35527,35512,35456,35263,35219,35009,34936,34865,34712
244,36171,36205,35967,36125,35591,35535,35416,35239,35216,35053,34996,34881,34747,34598,34487
245,35917,35669,35741,35421,35423,35235,35195,35030,35048,34718,34749,34593,34462,34305,34276
246,35626,35577,35465,35253,35278,34951,35004,34819,34682,34620,34537,34168,34176,34068,34144
247,35420,35169,35137,34994,34904,34730,34688,34643,34535,34220,34055,34009,33849,33853,33730
248,35212,34999,34793,34706,34561,34399,34380,34331,34073,33943,33700,33887,33564,33486,33441
249,35003,34948,34841,34479,34529,33995,34090,34220,33930,33771,33693,33586,33496,33385,33288
250,34738,34744,34657,34515,34274,34063,34001,33979,33875,33776,33489,33421,33532,33271,33110
251,34811,34617,34588,34406,34209,34066,34014,33872,33895,33584,33661,33447,33356,33201,33157
252,34748,34529,34503,34410,34141,34186,34052,33893,33804,33750,33561,33458,33314,33218,33148
253,34678,34753,34588,34399,34286,34255,33859,33904,33872,33615,33710,33285,33431,33296,33117
254,34904,34612,34580,34432,34387,34258,34112,34082,33886,33768,33703,33535,33489,33259,33289
255,34648,34708,34535,34297,34177,34180,33990,33952,33786,33753,33725,33488,33331,33171,33226
256,34967,34931,34460,34488,34459,34278,34213,34055,34081,33806,33717,33543,33588,33301,33195
257,34863,34773,34650,34611,34351,34172,34168,33992,33962,33669,33750,33509,33364,33209,33095
258,34562,34558,34487,34321,34249,34053,33955,33875,33854,33466,33408,33274,33315,33257,33078
259,34696,34410,34399,34187,34102,34034,33852,33925,33719,33480,33330,33366,33228,33065,32993
260,34756,34490,34254,34213,33964,33953,33768,33806,33688,33654,33329,33290,33232,33032,33070
261,34659,34381,34285,34147,34132,33991,33795,33746,33633,33367,33387,33140,33074,33154,32976
262,34628,34425,34245,34112,34136,34054,33689,33751,33599,33538,33520,33255,33169,32932,32898
263,34687,34423,34395,34152,34058,34029,33944,33756,33644,33647,33409,33363,33203,33052,33012
264,34796,34482,34460,34151,34132,34066,33769,33703,33472,33406,33319,33232,33154,33156,33057
265,34723,34440,34336,34191,34090,33964,33801,33742,33712,33514,33484,33406,33135,33223,32835
266,34702,34507,34355,34304,34178,33952,33837,33924,33592,33801,33452,33396,33182,33152,33070
267,34849,34634,34443,34375,34178,34128,34021,33876,33716,33736,33420,33431,33251,33168,32975
268,34862,34687,34803,34504,34440,34135,34205,34057,33764,33764,33837,33648,33558,33456,33327
269,35103,34975,34997,34729,34743,34712,34237,34331,34115,34028,33982,33877,33789,33623,33540
270,35370,35276,35124,34877,34889,34766,34637,34529,34343,34240,34146,34263,33861,33971,33767
271,35657,35340,35240,35031,34934,34925,34688,34805,34557,34306,34335,34237,34071,34040,34070
272,35600,35522,35258,35242,35053,34920,34817,34587,34583,34451,34414,34100,34003,33984,34101
273,35564,35409,35113,35127,35030,34846,34635,34465,34499,34303,34273,33995,34046,33851,33792
274,35338,35146,35102,34987,34772,34602,34554,34275,34264,34209,34146,33933,33706,33767,33722
275,35127,35119,34975,34762,34647,34511,34401,34431,34216,34172,33851,33742,33774,33700,33642
276,35150,34987,34962,34632,34550,34312,34230,34340,34026,34006,33920,33699,33765,33552,33379
277,34894,34804,34685,34406,34474,34220,34087,34179,33880,33795,33712,33685,33528,33475,33322
278,34768,34738,34617,34303,34345,34161,34107,33854,33911,33632,33516,33317,33284,33168,33077
279,34694,34440,34264,34144,34119,33985,33788,33652,33491,33504,33338,33340,33164,33027,32915
280,34499,34196,34272,34065,33987,33705,33705,33492,33586,33441,33304,33210,33059,32973,32860
281,34354,34080,33957,33949,33835,33566,33570,33533,33460,33257,33108,33088,32967,32738,32608
282,34133,34027,33889,33789,33606,33509,33391,33323,33197,33035,32939,32869,32688,32656,32624
283,34047,33847,33835,33530,33440,33430,33259,33041,33077,32871,32722,32588,32623,32597,32408
284,33843,33740,33699,33373,33238,33239,33048,32931,32886,32792,32729,32507,32296,32291,32218
285,33589,33391,33300,33426,33023,32963,32937,32847,32536,32446,32563,32303,32205,32161,31862
286,33467,33302,33198,33028,33063,32790,32657,32623,32564,32292,32255,32200,31900,31963,31874
287,33086,33145,32951,32938,32741,32738,32497,32397,32290,32104,32123,32104,31854,31723,31799
288,33060,32940,32785,32674,32566,32572,32291,32239,32197,31947,31765,31738,31677,31671,31484
289,32823,32879,32560,32541,32261,32316,32137,32063,31997,31786,31771,31604,31552,31449,31400
290,32776,32715,32622,32512,32336,32256,32140,32055,31849,31868,31631,31611,31427,31431,31221
291,32679,32687,32543,32587,32266,32247,32153,31790,31796,31785,31699,31427,31434,31286,31188
292,32984,32697,32668,32465,32280,32209,31947,31936,31755,31718,31543,31426,31306,31335,31131
293,32803,32622,32534,32379,32206,32207,32078,31874,31698,31736,31543,31498,31324,31182,31122
294,32597,32583,32373,32381,32165,32139,32003,31952,31791,31621,31448,31420,31353,31123,31226
295,32669,32473,32303,32236,32096,32053,31919,31826,31702,31608,31432,31405,31452,31104,31048
296,32664,32447,32300,32187,32185,31917,31799,31774,31668,31561,31388,31284,31186,31086,31097
297,32540,32275,32310,32149,32001,31854,31837,31835,31415,31506,31352,31340,31097,31158,30862
298,32534,32240,32281,32150,32170,31845,31919,31786,31527,31587,31439,31289,31252,31152,30964
299,32648,32392,32356,32123,32165,31859,31867,31642,31651,31473,31387,31307,31150,31095,31056
300,32611,32428,32386,32161,32157,32146,32004,31859,31676,31682,31653,31372,31291,31310,31142
301,32849,32648,32597,32400,32275,32256,31995,32026,31817,31596,31817,31600,31373,31232,31211
302,33004,32721,32628,32652,32406,32443,32038,32062,32084,31888,31907,31673,31622,31340,31591
303,33107,33061,32796,32799,32544,32578,32315,32331,32117,31992,31995,31783,31656,31683,31462
304,33108,33006,32892,32818,32742,32504,32553,32558,32339,32032,32064,31936,31951,31714,31715
305,33084,33328,32984,32795,32504,32622,32561,32437,32510,32156,31986,31949,31874,31749,31768
306,33326,33067,33039,32679,32653,32594,32468,32304,32328,32319,32030,31791,31898,31718,31645
307,33128,32993,32701,32662,32650,32337,32323,32279,32085,32066,31819,31803,31872,31530,31562
308,32943,32865,32651,32733,32533,32529,32226,32176,32052,31971,31879,31696,31637,31545,31439
309,32843,32807,32702,32475,32455,32253,32011,32070,31923,31976,31757,31838,31485,31506,31381
310,32942,32752,32564,32564,32443,32293,32166,32000,31932,31874,31564,31505,31649,31423,31278
311,32822,32747,32735,32402,32364,32165,32051,32026,31953,31746,31644,31618,31495,31397,31209
312,32858,32592,32531,32352,32235,32031,32068,31913,31818,31689,31475,31436,31395,31242,31306
313,32490,32550,32338,32149,32044,32018,31768,31718,31725,31573,31336,31359,31197,31274,31052
314,32376,32161,32224,32070,31852,31841,31754,31623,31468,31421,31225,31098,31086,31054,30914
315,32179,32085,31992,31831,31626,31644,31456,31446,31206,31147,30952,31000,30956,30673,30779
316,32048,31894,31941,31633,31541,31498,31449,31206,31088,31164,30936,30774,30474,30683,30465
317,31833,31670,31569,31547,31423,31276,31247,31103,31050,30784,30633,30590,30539,30420,30224
318,31624,31587,31401,31459,31194,31110,31015,30942,30793,30684,30678,30415,30318,30291,30111
319,31566,31402,31363,31243,31162,30979,30833,30784,30705,30560,30463,30314,30158,30148,30160
320,31468,31460,31347,31047,30849,30798,30795,30652,30551,30396,30424,30384,30207,30135,29833
321,31296,31218,31048,30981,30859,30720,30529,30409,30397,30169,30193,30135,30044,29820,29923
322,31312,31178,31017,30943,30814,30705,30508,30464,30349,30156,30172,30052,29910,29856,29675
323,31226,30868,30970,30784,30694,30466,30476,30365,30136,30100,30103,29859,29953,29638,29677
324,31089,31101,30974,30716,30646,30389,30443,30288,30170,30075,30051,29908,29741,29665,29522
325,31101,31011,30886,30783,30558,30403,30373,30342,30302,30028,29963,29918,29656,29695,29640
326,31110,31151,30815,30713,30618,30433,30349,30190,30160,30010,29920,29886,29732,29692,29450
327,31269,30993,31038,30780,30617,30470,30486,30292,30265,30096,29928,30029,29920,29683,29618
328,31424,31091,31107,30900,30812,30596,30653,30477,30456,30246,30178,30006,29952,29875,29822
329,31656,31493,31469,31340,31229,31057,30965,30790,30755,30587,30491,30434,30326,30234,30146
330,32206,32070,31884,31899,31615,31641,31573,31410,31246,31075,31194,31087,30933,30833,30846
331,33230,32986,32819,32705,32628,32436,32275,32198,32216,32110,32004,31874,31842,31580,31565
332,34167,33920,33790,33699,33614,33534,33282,33275,33194,33110,32892,32919,32661,32728,32540
333,34845,34724,34620,34356,34242,34251,34184,34039,33813,33866,33686,33549,33439,33587,33345
334,35261,35083,34905,34656,34845,34547,34612,34403,34315,34152,33951,33958,33858,33855,33736
335,35167,35028,34870,34837,34738,34565,34300,34421,34046,34302,33935,33804,33741,33673,33591
336,34761,34838,34613,34487,34205,34030,33916,33946,33787,33711,33602,33458,33391,33294,33183
337,34267,34021,33904,33867,33799,33487,33454,33354,33144,33023,32977,32954,32877,32715,32660
338,33549,33433,33304,33206,33226,33093,32976,32887,32795,32632,32648,32644,32412,32369,32304
339,33354,33124,33033,32821,32719,32613,32623,32642,32344,32215,32180,32071,31957,31933,31839
340,33106,32914,32813,32635,32537,32633,32402,32264,32160,32171,31853,31872,31709,31601,31489
341,32839,32675,32653,32586,32580,32294,32256,32217,32142,31892,31876,31849,31641,31390,31429
342,32760,32568,32551,32442,32270,32233,32035,32104,31955,31859,31707,31473,31554,31457,31354
343,32565,32521,32501,32258,32109,32187,31907,31879,31801,31596,31419,31436,31290,31177,31199
344,32390,32360,32140,32124,31923,31740,31675,31538,31495,31311,31298,31154,30967,31020,31001
345,32148,32192,31862,31714,31750,31616,31359,31281,31364,31072,31138,30978,30746,30864,30828
346,31917,31753,31706,31535,31390,31341,31167,31015,31043,31052,30923,30688,30594,30571,30474
347,31735,31601,31559,31438,31236,31121,31049,31078,31017,30831,30745,30547,30482,30381,30319
348,31683,31521,31458,31233,31177,31135,30873,30768,30734,30713,30541,30526,30376,30436,30281
349,31703,31646,31490,31519,31162,31161,31108,30984,30736,30675,30686,30515,30596,30256,30267
350,31744,31708,31597,31556,31379,31216,31197,31057,30982,30771,30930,30675,30627,30383,30374
351,31921,31899,31845,31586,31569,31475,31412,31336,31055,30947,30945,30773,30811,30706,30543
352,32433,32015,32104,31992,31868,31668,31737,31413,31382,31410,31114,31184,31123,31055,31019
353,32703,32586,32512,32444,32207,32100,32030,31965,31863,31797,31793,31655,31464,31418,31391
354,33406,33280,33168,33199,32916,32899,32831,32603,32528,32480,32382,32202,32188,32209,31995
355,34375,34174,34067,34037,33928,33701,33651,33624,33422,33320,33300,33110,32978,32941,32851
356,35542,35402,35295,35208,35037,34917,34805,34751,34651,34457,34354,34258,34183,34035,34048
357,36836,36644,36588,36395,36227,36094,36045,36054,36023,35899,35722,35525,35363,35527,35242
358,38204,37933,37820,37616,37435,37581,37243,37185,37118,37069,36924,36857,36690,36683,36627
359,39267,38945,38835,38714,38611,38595,38409,38216,38229,38013,37885,37958,37593,37705,37675
360,39656,39513,39341,39239,39078,39017,39125,39061,38696,38637,38417,38514,38336,38278,38138
361,39885,39556,39432,39266,39254,39144,39024,39016,38870,38635,38400,38532,38335,38224,38176
362,39157,39096,38928,38908,38808,38672,38716,38549,38370,38322,38258,38135,38058,37801,37896
363,38737,38398,38340,38260,38138,38045,37887,38028,37829,37622,37449,37351,37527,37162,37139
364,37938,37843,37738,37647,37454,37304,37150,37166,37155,37074,36981,36687,36710,36500,36393
365,37473,37381,37072,36937,36962,36722,36802,36616,36570,36405,36303,36152,36040,36034,36004
366,37000,36734,36715,36405,36396,36389,36207,36149,36064,35894,35706,35495,35707,35490,35453
367,36556,36344,36235,36206,35857,35915,35856,35690,35768,35370,35474,35387,35235,34896,35147
368,35938,35876,35781,35604,35470,35515,35319,35310,35115,35044,34892,34831,34777,34794,34592
369,35689,35520,35339,35227,35218,35140,34862,34927,34803,34575,34587,34447,34399,34344,34188
370,35180,34872,34929,34898,34613,34619,34514,34322,34320,34208,34122,34174,33936,33887,33778
371,34959,34644,34492,34401,34247,34189,34022,33877,33911,33751,33741,33644,33439,33472,33406
372,34236,34250,34164,33980,33804,33765,33654,33410,33462,33343,33374,33092,33040,32924,32925
373,33781,33820,33807,33618,33390,33251,33271,33186,33000,32766,32833,32615,32602,32581,32497
374,33418,33354,33352,33155,33086,32785,32853,32798,32500,32450,32442,32195,32201,32190,32038
375,33108,32959,32884,32750,32733,32636,32397,32268,32206,32211,32231,32048,31941,31752,31687
376,32806,32628,32499,32433,32358,32234,31996,31926,31927,31622,31601,31661,31481,31328,31385
377,32395,32250,32281,32028,31950,31998,31851,31702,31600,31463,31197,31261,31198,31051,31151
378,32204,32024,31983,31889,31703,31684,31510,31319,31268,31216,30984,30975,30751,30690,30716
379,31903,31767,31600,31540,31446,31285,31200,31161,31150,31032,30805,30791,30662,30431,30490
380,31631,31438,31262,31309,31096,31008,30872,30885,30900,30713,30545,30489,30480,30256,30262
381,31404,31321,31287,31092,31012,30749,30669,30693,30545,30573,30398,30192,30141,30118,30177
382,31196,30964,31043,30812,30712,30728,30491,30327,30375,30287,30142,30081,29920,29936,29806
383,30883,30784,30835,30471,30573,30425,30235,30202,30173,29991,29965,30014,29670,29699,29564
384,30789,30887,30595,30426,30450,30212,30234,30105,30026,29836,29904,29746,29580,29589,29504
385,30691,30559,30496,30363,30144,30214,30075,29964,29831,29715,29711,29545,29480,29437,29223
386,30583,30446,30194,30180,30121,29883,29996,29907,29752,29680,29619,29412,29382,29346,29156
387,30423,30320,30292,30004,29954,29864,29872,29626,29618,29597,29337,29116,29241,29125,29100
388,30291,30197,30029,30019,29808,29868,29582,29550,29465,29321,29280,29192,29127,29103,28959
389,30091,29987,29906,29739,29568,29586,29577,29477,29305,29137,29150,29118,28882,28820,28705
390,30041,29919,29743,29733,29516,29524,29378,29284,29299,29143,28994,28848,28737,28634,28664
391,29953,29814,29726,29581,29495,29363,29237,29248,29041,29041,29047,28903,28759,28699,28690
392,29847,29610,29585,29500,29276,29294,29191,29098,29019,28920,28876,28744,28534,28477,28469
393,29598,29683,29435,29320,29168,29148,28953,29060,28824,28798,28647,28734,28579,28423,28610
394,29560,29554,29373,29405,29261,29158,28967,28928,28805,28792,28688,28542,28542,28335,28294
395,29518,29430,29290,29107,29050,29003,28926,28883,28750,28519,28561,28507,28343,28406,28133
396,29361,29408,29199,29006,28936,28859,28819,28715,28699,28673,28481,28246,28211,28281,28052
397,29187,29304,29027,29023,28864,28818,28709,28637,28590,28392,28323,28291,28058,28075,28027
398,29257,29208,28808,28890,28727,28669,28498,28498,28385,28274,28123,28067,28191,27758,27881
399,29052,29018,28814,28659,28559,28744,28512,28233,28376,28071,28019,27942,27931,27815,27731
400,28883,28773,28799,28603,28413,28419,28303,28241,28076,28032,27925,27820,27795,27690,27580
401,28853,28770,28529,28462,28368,28402,28266,28148,27924,28027,27840,27758,27643,27504,27534
402,28619,28627,28449,28334,28255,28156,28022,27963,27878,27656,27574,27698,27603,27444,27421
403,28501,28562,28372,28279,28094,28057,28056,27954,27922,27707,27699,27612,27340,27398,27289
404,28480,28401,28236,28227,28041,27982,27978,27739,27756,27666,27473,27503,27368,27298,27303
405,28435,28172,28178,28194,28004,27822,27919,27766,27718,27466,27587,27367,27349,27218,27323
406,28419,28283,28155,28078,28137,27826,27812,27656,27643,27313,27487,27332,27274,27276,26897
407,28344,28153,27821,27874,27939,27817,27784,27595,27569,27499,27398,27199,27102,27116,26908
408,28249,28079,27917,27795,27779,27653,27417,27492,27408,27388,27277,27236,27108,26894,26874
409,28136,28121,27924,27700,27648,27649,27583,27361,27387,27273,27127,27000,26963,26763,26815
410,27955,27895,27769,27566,27523,27391,27348,27199,27108,27116,27018,26862,26865,26709,26762
411,27708,27578,27582,27405,27364,27131,27251,26994,26956,26989,26810,26736,26642,26556,26539
412,27551,27465,27423,27304,27247,27217,26946,26841,26784,26747,26571,26617,26512,26415,26262
413,27267,27272,27163,27028,27011,26867,26682,26726,26552,26575,26327,26269,26176,26207,26180
414,27143,27174,26992,26751,26760,26667,26601,26379,26370,26334,26162,26205,25982,25968,25946
415,26948,26785,26709,26563,26414,26416,26405,26302,26333,26123,26003,25907,25856,25727,25732
416,26854,26633,26637,26414,26455,26261,26217,26159,25949,25860,25870,25817,25587,25573,25732
417,26608,26521,26361,26421,26140,26123,26030,26015,25891,25654,25743,25657,25475,25432,25430
418,26479,26432,26186,26230,26070,26030,25941,25781,25738,25661,25504,25512,25386,25377,25241
419,26392,26163,26039,26159,26022,25949,25825,25651,25630,25459,25462,25453,25289,25199,25119
420,26226,26197,26157,25922,25911,25809,25862,25644,25502,25373,25434,25255,25243,25132,24886
421,26211,26244,25867,25940,25735,25779,25749,25655,25386,25366,25253,25204,25088,24992,25006
422,26106,26047,25949,25738,25781,25516,25612,25444,25346,25302,25243,25000,25082,24999,24872
423,26005,25919,25779,25765,25577,25543,25349,25280,25225,25246,25185,25142,25095,24761,24796
424,25900,25776,25778,25588,25604,25522,25414,25278,25176,25056,25041,24926,24930,24708,24702
425,25880,25864,25659,25467,25535,25372,25244,25096,25168,25033,24961,24985,24818,24706,24672
426,25751,25649,25445,25404,25340,25120,25256,25201,25067,24930,24946,24830,24709,24589,24609
427,25560,25625,25535,25442,25409,25222,25080,25100,24973,24894,24771,24757,24769,24527,24542
428,25601,25563,25386,25282,25241,25166,25024,24925,24925,24776,24670,24664,24565,24574,24450
429,25590,25445,25220,25249,25115,25136,24848,24936,24860,24810,24553,24487,24448,24493,24277
430,25453,25271,25277,25196,25156,25027,24811,24822,24672,24572,24513,24451,24385,24140,24151
431,25446,25171,25112,25064,24979,24830,24636,24625,24601,24481,24395,24458,24298,24122,24117
432,25023,25117,25000,24871,24876,24843,24725,24775,24440,24337,24412,24330,24176,24080,24136
433,25130,25079,25133,24874,24886,24796,24634,24599,24462,24195,24459,24296,24039,24145,24000
434,25133,25059,24979,24848,24829,24625,24654,24540,24347,24361,24309,24223,24113,24021,24059
435,25041,24933,24954,24723,24542,24699,24587,24400,24330,24263,24185,24072,24083,23795,23978
436,25087,24903,24798,24701,24765,24529,24481,24370,24256,24227,24163,24039,24009,23967,23781
437,25019,25020,24783,24729,24631,24584,24389,24333,24378,24223,24219,24099,23957,23999,23873
438,24907,24875,24776,24816,24573,24538,24317,24361,24335,24130,24132,24092,23974,23920,23803
439,24851,24941,24784,24672,24725,24460,24372,24254,24328,24000,24148,24104,23948,23874,23791
440,25030,24905,24895,24670,24503,24487,24434,24417,24361,24171,24221,24094,23944,24008,23807
441,24961,24832,24882,24678,24710,24569,24630,24434,24258,24079,24154,24113,23869,23985,23938
442,25073,24850,24977,24743,24800,24595,24471,24367,24431,24218,24207,24173,24149,23958,24036
443,25047,24965,24860,24800,24783,24624,24633,24488,24452,24380,24198,24174,24139,23932,24076
444,25142,24956,24856,24733,24720,24488,24478,24390,24336,24223,24156,24077,24120,23915,24036
445,25157,25061,24902,24775,24796,24732,24461,24387,24318,24398,24218,24218,24130,23996,23949
446,25007,24959,24930,24714,24649,24710,24475,24496,24204,24255,24211,24096,23935,23904,23910
447,25006,25038,24744,24874,24714,24525,24481,24547,24427,24289,24169,23966,23989,24112,23926
448,25066,24987,24831,24806,24598,24624,24382,24366,24334,24252,24169,24096,24122,23974,23868
449,25033,24927,24765,24793,24648,24455,24536,24372,24291,24243,24141,24053,23932,23920,23843
450,24995,24868,24774,24640,24619,24447,24361,24333,24216,24136,24141,24038,23917,23853,23800
451,24891,24831,24671,24754,24569,24504,24362,24256,24107,24113,24032,24019,23938,23787,23747
452,24766,24738,24633,24614,24328,24310,24308,24113,24151,24000,23931,24017,23827,23740,23713
453,24727,24671,24540,24625,24462,24410,24241,24202,24065,24128,23947,23976,23763,23750,23612
454,24759,24636,24464,24609,24419,24309,24214,24152,23968,24034,23763,23857,23685,23684,23611
455,24655,24488,24482,24450,24351,24172,24228,23950,23958,24021,23882,23779,23634,23674,23537
456,24654,24543,24491,24497,24248,24143,24042,23996,23911,23869,23756,23660,23689,23569,23539
457,24495,24560,24313,24233,24145,24140,23937,23998,23875,23751,23892,23544,23628,23400,23447
458,24498,24385,24363,24269,24147,24026,23968,23870,23785,23862,23705,23657,23482,23447,23423
459,24443,24320,24270,24127,24107,23887,23956,23975,23910,23657,23707,23539,23380,23460,23258
460,24401,24270,24362,24229,24146,23935,23881,23831,23777,23643,23580,23520,23478,23406,23361
461,24327,24347,24262,24168,24075,23965,23775,23847,23745,23734,23597,23559,23474,23347,23382
462,24559,24386,24336,24234,24128,23991,23945,23748,23765,23696,23521,23551,23571,23384,23381
463,24500,24340,24355,24313,24003,24018,23922,23827,23800,23711,23648,23625,23552,23504,23374
464,24431,24517,24338,24167,24211,24113,24088,23935,23977,23913,23772,23665,23664,23522,23472
465,24564,24583,24439,24200,24140,24313,24214,23909,23856,23987,23858,23711,23643,23644,23436
466,24738,24729,24551,24483,24348,24369,24122,24145,24056,23992,23914,23816,23874,23678,23594
467,24847,24681,24733,24554,24440,24339,24327,24281,24146,24036,24140,23929,23930,23851,23748
468,25040,24892,24890,24688,24589,24510,24474,24387,24297,24158,24240,24055,23975,24003,23993
469,25087,25077,24900,24846,24691,24637,24567,24469,24410,24394,24336,24115,24157,23930,24078
470,25201,25052,25048,24982,24797,24888,24695,24659,24440,24466,24486,24403,24319,24216,24115
471,25472,25284,25162,25190,24984,24902,24786,24831,24693,24621,24618,24376,24440,24224,24147
472,25317,25303,25320,25119,25059,24998,24927,24710,24741,24707,24634,24385,24425,24432,24287
473,25436,25427,25235,25199,25075,25051,24931,24872,24647,24755,24576,24588,24584,24421,24424
474,25517,25483,25319,25184,25097,25034,24937,24855,24884,24836,24554,24641,24654,24564,24278
475,25476,25322,25397,25129,25255,24995,24863,24970,24773,24721,24523,24478,24665,24522,24290
476,25402,25361,25296,25063,25100,24980,24945,24800,24686,24694,24631,24554,24436,24328,24274
477,25249,25273,25232,24985,24941,24915,24844,24836,24879,24620,24505,24484,24419,24417,24195
478,25343,25132,25030,25090,24878,24864,24724,24639,24721,24308,24467,24493,24297,24293,24161
479,25088,25065,24936,24900,24828,24721,24630,24687,24547,24464,24385,24267,24289,24192,24150
480,24997,25062,24901,24776,24780,24578,24556,24519,24465,24174,24165,24258,24004,23994,23944
481,24843,24754,24668,24540,24560,24477,24500,24272,24214,24047,24102,23965,23896,23835,23847
482,24707,24707,24398,24352,24267,24439,24330,24150,24073,23854,23957,23855,23804,23755,23646
483,24529,24355,24263,24242,24173,24217,24062,24028,23844,23837,23702,23714,23534,23456,23560
484,24477,24223,24123,24000,24030,23991,23927,23888,23773,23516,23527,23520,23386,23409,23354
485,24236,24116,23995,24050,23897,23728,23717,23737,23411,23601,23289,23413,23348,23154,23157
486,24120,24064,23830,23910,23709,23711,23463,23546,23373,23338,23209,23312,23189,23081,23009
487,24022,24006,23766,23745,23685,23503,23443,23412,23391,23199,23164,23142,22989,23095,22999
488,23917,23803,23838,23610,23636,23475,23427,23348,23280,23216,23215,23080,23031,23020,22855
489,23993,23687,23734,23536,23547,23429,23345,23391,23167,23236,23201,23040,22980,22849,22900
490,23819,23867,23742,23595,23420,23392,23439,23391,23322,23296,23020,23148,22977,22875,22904
491,23921,23819,23766,23665,23523,23438,23425,23491,23321,23200,23185,23028,23127,22963,22859
492,23980,23892,23760,23683,23564,23619,23449,23376,23411,23308,23187,23173,23157,22887,22938
493,24096,24092,23959,24013,23731,23627,23732,23540,23393,23287,23282,23268,23203,23099,23107
494,24285,24000,24122,23878,23873,23752,23745,23617,23535,23627,23380,23300,23238,23327,23139
495,24327,24345,24298,24083,24058,24006,23769,23726,23737,23463,23573,23423,23490,23371,23339
496,24493,24403,24314,24063,24099,24203,23967,23797,23795,23777,23798,23683,23535,23467,23422
497,24368,24525,24362,24441,24224,24204,24161,24112,23954,23860,23786,23795,23635,23574,23593
498,24676,24543,24364,24268,24386,24220,24231,24277,23947,23922,23851,23752,23790,23584,23575
499,24600,24582,24528,24349,24345,24167,24190,24165,24055,23958,23867,23868,23776,23700,23655
500,24733,24679,24579,24444,24444,24268,24098,24211,24091,24009,23871,23891,23817,23777,23605
501,24698,24577,24491,24472,24276,24327,24277,24173,24026,23994,23903,23937,23773,23782,23612
502,24610,24478,24340,24236,24321,24110,23979,24044,24133,23957,23913,23720,23836,23508,23516
503,24447,24436,24310,24282,24247,24032,24001,23970,23895,23806,23678,23642,23665,23504,23511
504,24491,24515,24287,24212,23989,24027,23963,23888,23764,23765,23648,23537,23528,23534,23429
505,24291,24279,24256,24114,23925,23975,23966,23838,23760,23688,23571,23623,23526,23295,23357
506,24294,24240,24249,23983,23959,23884,23707,23847,23709,23671,23466,23564,23373,23476,23216
507,24224,24221,24063,24067,23911,23850,23794,23647,23612,23514,23443,23502,23462,23368,23209
508,24252,24143,24057,23939,23984,24004,23862,23602,23692,23573,23537,23473,23293,23225,23189
509,24303,24216,24036,23975,24108,23852,23875,23771,23703,23587,23584,23484,23344,23453,23232
510,24177,24226,24278,23989,24102,23902,23909,23820,23719,23595,23610,23495,23439,23359,23262
511,24401,24263,24098,24147,24017,24076,23833,23819,23814,23679,23580,23463,23504,23458,23369
512,24419,24296,24211,24223,24129,24032,23931,24039,23949,23865,23712,23526,23531,23539,23545
513,24648,24398,24402,24401,24216,24125,24159,23962,24008,23887,23821,23769,23702,23576,23680
514,24695,24720,24616,24601,24412,24506,24320,24274,24334,24166,24022,23936,23925,23947,23676
515,25041,24799,24826,24699,24666,24558,24586,24498,24454,24356,24229,24118,24035,23996,24024
516,25324,25045,24991,24864,24814,24744,24886,24637,24592,24535,24443,24458,24308,24255,24216
517,25567,25371,25373,25131,25160,25072,24970,25031,24857,24806,24679,24756,24615,24566,24581
518,25720,25659,25702,25446,25416,25403,25294,25173,25213,25052,24986,24965,24811,24780,24718
519,25772,25795,25804,25566,25531,25433,25411,25297,25324,25239,25091,25007,24978,24894,24830
520,26047,25965,25850,25720,25636,25497,25568,25493,25388,25404,25233,25303,25046,25090,24921
521,26066,25994,25765,25713,25643,25614,25384,25448,25433,25296,25249,25033,25161,24897,24859
522,25883,25688,25667,25644,25393,25456,25525,25338,25311,25194,25107,24975,24936,25035,24869
523,25674,25545,25427,25301,25382,25237,25133,25191,25026,24948,24844,24865,24706,24763,24618
524,25325,25283,25150,25133,24982,25101,24922,24698,24823,24673,24803,24666,24608,24500,24401
525,25033,24983,24713,24734,24661,24571,24447,24414,24393,24384,24214,24277,24215,24108,24162
526,24637,24520,24455,24282,24231,24276,24123,24244,24047,23991,23845,23834,23943,23675,23627
527,24421,24143,24092,24043,24027,23847,23759,23680,23658,23577,23547,23522,23384,23325,23234
528,23817,23748,23680,23677,23632,23542,23290,23283,23309,23230,23074,23015,23033,23014,22834
529,23485,23227,23328,23272,23104,23073,23139,22888,22913,22908,22776,22719,22510,22613,22542
530,23054,23070,22932,22727,22699,22701,22703,22580,22442,22381,22397,22317,22290,22232,22254
531,22627,22695,22662,22527,22489,22367,22293,22227,22174,22143,22023,21963,21775,21894,21755
532,22352,22324,22374,22195,22140,22067,22011,21980,21810,21861,21744,21759,21720,21497,21620
533,22123,22081,22085,21967,21714,21806,21711,21787,21455,21641,21574,21442,21386,21297,21365
534,21992,21848,21769,21741,21561,21670,21475,21439,21435,21383,21286,21291,21094,21011,21097
535,21750,21780,21568,21582,21514,21533,21314,21287,21195,21092,21055,21042,20871,20878,20766
536,21576,21531,21487,21416,21358,21176,21196,21100,21042,20963,20798,20856,20898,20795,20811
537,21541,21381,21480,21256,21266,21171,21111,20964,20936,20853,20844,20706,20734,20540,20512
538,21457,21387,21338,21198,21111,21009,20968,20934,20858,20775,20684,20642,20522,20551,20476
539,21361,21268,21094,21122,21010,21036,20902,20795,20828,20652,20559,20608,20524,20475,20447
540,21452,21230,21140,20998,20942,20956,20882,20840,20686,20679,20533,20551,20535,20418,20273
541,21300,20974,21076,20943,20901,20917,20725,20808,20696,20616,20530,20410,20362,20392,20378
542,21176,20983,20941,20872,20924,20758,20786,20633,20679,20460,20345,20432,20348,20323,20227
543,21075,21075,20838,20823,20755,20742,20648,20538,20551,20547,20360,20419,20367,20261,20112
544,20989,20909,20851,20669,20743,20567,20507,20476,20309,20331,20247,20246,20275,20204,19959
545,20896,20720,20720,20585,20574,20448,20459,20468,20332,20280,20115,20089,20031,20104,19894
546,20804,20776,20584,20534,20425,20422,20474,20287,20193,20229,20060,20006,20030,19865,19919
547,20587,20631,20550,20392,20339,20303,20346,20228,20020,20105,20011,19943,19968,19782,19814
548,20568,20452,20480,20438,20258,20204,20159,20124,19973,20030,19954,19784,19763,19720,19621
549,20495,20429,20423,20292,20191,20147,20070,20047,19936,19914,19975,19667,19679,19578,19579
550,20444,20483,20285,20173,20236,20031,20074,20010,19876,19951,19806,19686,19685,19626,19571
551,20393,20348,20174,20231,20145,20028,19933,19911,19847,19786,19699,19724,19627,19496,19499
552,20438,20329,20312,20178,20074,20162,20068,19990,19966,19785,19743,19726,19666,19581,19584
553,20490,20356,20387,20383,20185,20199,20032,20014,19874,19794,19754,19693,19723,19554,19614
554,20511,20460,20391,20240,20331,20199,20114,20060,19944,19899,19869,19828,19760,19749,19744
555,20626,20515,20457,20343,20344,20356,20227,20151,20111,20075,19981,19907,19920,19843,19692
556,20657,20761,20576,20525,20562,20459,20295,20324,20127,20158,20049,20126,19994,19959,19824
557,20891,20888,20781,20661,20686,20630,20545,20484,20380,20385,20210,20187,20182,20110,20076
558,21188,21052,21137,20932,20860,20870,20657,20652,20578,20558,20442,20425,20418,20263,20307
559,21352,21263,21204,21205,21210,20973,20855,20864,20876,20755,20693,20617,20540,20470,20452
560,21629,21471,21505,21298,21215,21266,21095,21047,21089,21018,20823,20846,20714,20732,20623
561,21793,21740,21678,21544,21507,21446,21315,21385,21279,21148,21004,20895,21040,20928,20952
562,21866,21790,21722,21600,21650,21506,21441,21246,21331,21292,21257,21275,21216,21084,21060
563,22043,21941,21808,21684,21611,21715,21545,21404,21354,21337,21340,21235,21147,21170,21099
564,22058,21960,21835,21815,21658,21604,21587,21567,21410,21299,21287,21333,21279,21100,21010
565,21933,21838,21821,21762,21706,21591,21522,21364,21409,21320,21205,21195,21179,20961,21018
566,21820,21758,21670,21598,21491,21600,21422,21484,21356,21326,21116,21030,21021,21055,21068
567,21679,21623,21675,21538,21500,21300,21248,21190,21232,21080,21075,21117,20927,20904,20878
568,21709,21625,21454,21384,21291,21274,21185,21135,21056,20976,20996,20784,20776,20735,20754
569,21424,21500,21405,21300,21190,21121,21136,20870,21008,21051,20793,20696,20649,20662,20638
570,21288,21280,21151,21056,21099,21084,20924,20904,20927,20835,20673,20678,20555,20523,20563
571,21235,21275,21119,20994,21176,20996,20879,20768,20798,20686,20638,20545,20524,20508,20429
572,21268,21240,21141,20974,20996,20798,20960,20696,20766,20560,20663,20540,20468,20471,20290
573,21224,21194,21090,21068,20905,20880,20854,20787,20763,20767,20688,20575,20524,20321,20438
574,21262,21156,21201,21125,21045,20860,20856,20789,20779,20710,20668,20495,20573,20462,20490
575,21225,21270,21149,21115,21126,21051,20918,20913,20896,20890,20763,20602,20552,20535,20489
576,21465,21266,21163,21263,21143,21025,20908,20918,20897,20889,20794,20751,20675,20639,20382
577,21392,21227,21244,21087,21065,21097,21002,20915,20916,20905,20785,20819,20724,20572,20540
578,21437,21422,21230,21173,21254,21072,21054,20980,20893,20839,20764,20686,20641,20682,20578
579,21428,21348,21256,21215,21163,21005,21087,21009,20985,20793,20697,20715,20711,20614,20556
580,21317,21320,21292,21097,21101,21119,21033,20964,20824,20752,20821,20639,20619,20561,20478
581,21315,21214,21251,21112,20961,21013,20888,20847,20782,20740,20664,20743,20547,20483,20500
582,21160,21241,21098,21032,21069,20873,20827,20749,20857,20682,20593,20551,20556,20487,20469
583,21197,21268,21082,20974,20902,20855,20772,20824,20661,20564,20556,20401,20455,20498,20488
584,21251,21167,21056,20940,20909,20737,20743,20739,20622,20631,20598,20533,20418,20346,20391
585,21139,21010,20954,20908,20844,20828,20703,20688,20665,20609,20446,20317,20419,20285,20351
586,21023,21033,20918,20878,20830,20787,20694,20716,20573,20556,20470,20470,20317,20285,20317
587,21110,21067,20975,21016,20827,20762,20750,20679,20555,20625,20477,20508,20480,20403,20414
588,21255,21075,21164,21024,20864,20927,20769,20669,20781,20702,20643,20699,20461,20376,20353
589,21315,21194,21278,21157,21102,21027,20970,20802,20801,20809,20757,20645,20737,20588,20503
590,21547,21335,21426,21374,21226,21231,21214,20920,20942,20967,20828,20837,20809,20755,20812
591,21774,21590,21609,21684,21534,21380,21388,21359,21264,21167,21205,21172,21019,20966,20951
592,21980,22064,21948,21864,21729,21695,21845,21619,21521,21422,21361,21397,21407,21261,21261
593,22279,22287,22138,22123,22007,21971,21939,21903,21780,21648,21532,21623,21638,21516,21379
594,22598,22526,22443,22283,22296,22246,22155,22122,22003,21923,21942,21965,21929,21669,21787
595,22731,22728,22643,22581,22574,22340,22383,22372,22207,22021,22091,22165,21985,22016,22010
596,22860,22828,22875,22667,22704,22465,22411,22491,22344,22295,22259,22136,22161,22184,22012
597,22925,23006,22844,22648,22646,22516,22506,22588,22372,22454,22297,22337,22244,22157,22062
598,22966,22916,22809,22662,22673,22616,22579,22531,22366,22468,22315,22258,22210,22251,22106
599,22790,22857,22752,22613,22643,22482,22522,22455,22398,22304,22244,22226,22217,22051,22013
600,22648,22578,22711,22471,22628,22443,22399,22367,22236,22252,22288,22061,21997,22046,21977
601,22636,22638,22551,22426,22445,22403,22156,22217,22159,22073,22160,22051,22029,21920,21804
602,22512,22563,22396,22290,22194,22208,22097,22116,22016,22006,21929,21936,21718,21756,21634
603,22410,22182,22226,22148,22177,22055,22034,21965,21818,21878,21777,21756,21615,21699,21563
604,22272,22239,22138,22092,21999,21871,21830,21706,21724,21697,21535,21544,21504,21507,21389
605,21974,22030,21910,21833,21759,21669,21626,21542,21607,21530,21604,21442,21339,21330,21236
606,22004,21809,21610,21602,21604,21648,21471,21437,21475,21434,21355,21259,21229,21043,21045
607,21699,21656,21531,21586,21308,21354,21252,21276,21172,21097,21106,21118,21080,20855,20908
608,21545,21630,21460,21368,21187,21245,21138,21096,21164,21052,21008,20848,20779,20791,20729
609,21248,21327,21150,21132,21014,20980,20933,20852,20869,20863,20666,20670,20563,20688,20512
610,21100,21077,21014,20830,20788,20790,20833,20690,20614,20565,20545,20560,20378,20470,20383
611,20967,20972,20809,20775,20703,20473,20539,20437,20507,20377,20376,20213,20354,20224,20037
612,20777,20604,20631,20480,20528,20460,20357,20417,20307,20256,20137,20026,20071,20020,19919
613,20592,20497,20398,20321,20329,20209,20298,20095,20060,20015,19919,19779,19876,19793,19722
614,20395,20229,20182,20140,20041,20083,20003,19891,19783,19810,19679,19595,19713,19708,19649
615,20102,19936,20097,19854,19851,19819,19713,19642,19755,19639,19606,19391,19565,19438,19293
616,19933,19855,19930,19735,19775,19714,19619,19533,19533,19362,19391,19407,19236,19199,19188
617,19833,19777,19623,19582,19521,19491,19500,19446,19370,19236,19306,19189,19175,19102,19088
618,19702,19714,19547,19467,19360,19374,19368,19372,19192,19227,19118,18965,18908,18949,18921
619,19618,19418,19655,19370,19348,19285,19229,19180,19159,19096,19115,18956,18946,18819,18804
620,19680,19491,19378,19436,19257,19267,19197,19143,19083,19148,19057,18897,18885,18826,18773
621,19597,19468,19485,19439,19193,19310,19256,19199,19136,19019,19062,18957,18905,18865,18745
622,19650,19615,19477,19496,19333,19331,19362,19329,19164,19164,19073,19083,18944,18989,18967
623,19760,19726,19744,19662,19568,19448,19419,19340,19436,19327,19199,19150,19096,19064,19058
624,19990,19882,19745,19740,19701,19680,19583,19606,19570,19415,19395,19408,19395,19353,19306
625,20113,20046,20103,19903,19878,19736,19761,19816,19608,19716,19617,19465,19460,19453,19398
626,20367,20319,20333,20211,20109,19995,20175,20013,19873,19807,19753,19716,19620,19627,19554
627,20483,20431,20296,20216,20069,20169,20099,20138,20051,20022,20020,19961,19865,19914,19793
628,20749,20551,20474,20553,20424,20368,20339,20205,20200,20113,20131,20140,20003,19989,19990
629,20751,20701,20659,20485,20559,20371,20354,20454,20385,20219,20047,20276,19984,20134,19971
630,20949,20775,20690,20766,20619,20479,20571,20587,20348,20289,20309,20239,20181,20046,20108
631,20928,20843,20696,20740,20707,20542,20574,20558,20445,20470,20287,20376,20254,20318,20221
632,20896,20974,20890,20822,20784,20718,20675,20632,20570,20515,20492,20450,20343,20192,20186
633,21097,20957,20914,20784,20895,20634,20696,20699,20565,20570,20442,20332,20463,20347,20291
634,21030,21090,20831,20808,20738,20864,20713,20635,20599,20487,20437,20479,20495,20391,20370
635,20977,20924,20805,20860,20807,20649,20700,20536,20532,20464,20545,20398,20346,20297,20337
636,20937,20801,20895,20725,20675,20685,20554,20492,20508,20479,20387,20340,20362,20224,20301
637,20843,20894,20748,20652,20648,20584,20530,20506,20470,20380,20311,20346,20248,20186,20192
638,20657,20685,20716,20645,20532,20480,20449,20426,20338,20309,20291,20164,20122,20091,20152
639,20709,20773,20592,20507,20469,20337,20414,20139,20191,20199,20117,20083,20061,20026,19943
640,20646,20651,20405,20410,20434,20374,20276,20186,20085,20081,20075,19921,20002,19973,19883
641,20461,20411,20371,20319,20277,20292,20160,20170,20015,20018,19955,19975,19774,19796,19709
642,20495,20364,20309,20222,20081,20181,20123,19976,19939,19887,19865,19877,19789,19782,19649
643,20381,20363,20262,20235,20182,20152,20062,20046,20065,19947,19884,19842,19854,19836,19743
644,20423,20361,20336,20358,20110,20144,20185,20096,19937,19944,19909,19893,20007,19855,19818
645,20646,20450,20519,20437,20389,20310,20332,20164,20211,20078,20218,19847,19914,19950,19868
646,20722,20831,20643,20583,20575,20399,20468,20380,20382,20265,20263,20177,20126,20052,20076
647,20912,20957,20869,20735,20765,20749,20622,20528,20520,20528,20378,20312,20316,20342,20255
648,21148,21101,20958,21023,20947,20860,20768,20737,20665,20690,20687,20600,20534,20405,20342
649,21378,21287,21206,21126,21136,21098,20964,20945,20937,20812,20822,20839,20724,20660,20590
650,21396,21258,21186,21134,20995,21069,20889,20934,20843,20827,20791,20808,20806,20495,20632
651,21387,21303,21396,21154,21030,21007,21000,20816,20821,20807,20790,20722,20763,20678,20639
652,21172,21128,21144,21010,20947,20907,20901,20891,20767,20799,20720,20618,20675,20528,20463
653,20933,20788,20835,20652,20552,20498,20542,20526,20454,20478,20408,20455,20277,20239,20231
654,20593,20497,20457,20423,20387,20340,20339,20185,20179,20163,20092,20066,20002,19959,19963
655,20152,20058,19972,20019,19940,20004,19865,19915,19717,19571,19623,19553,19592,19486,19515
656,19736,19738,19635,19753,19542,19531,19421,19313,19318,19318,19298,19238,19243,19079,19058
657,19394,19454,19265,19302,19279,19249,19179,19176,19091,19017,18951,18952,18779,18720,18818
658,19131,19089,19116,19019,18937,18910,18871,18672,18810,18574,18580,18667,18538,18585,18445
659,18921,18946,18824,18804,18716,18631,18591,18471,18525,18458,18409,18374,18406,18186,18163
660,18922,18789,18821,18690,18793,18619,18562,18527,18551,18553,18340,18397,18245,18242,18248
661,18936,18858,18686,18639,18578,18544,18542,18487,18250,18388,18323,18094,18188,18120,18092
662,18752,18857,18771,18675,18576,18527,18487,18438,18457,18251,18274,18329,18207,18190,18113
663,18827,18803,18692,18563,18680,18558,18496,18439,18435,18431,18409,18293,18200,18190,18240
664,18878,18947,18858,18799,18672,18774,18691,18621,18501,18455,18504,18444,18433,18282,18276
665,19144,19015,18980,18777,18842,18784,18793,18667,18626,18601,18647,18563,18546,18381,18473
666,19218,19072,19076,19075,19028,18889,18991,18884,18859,18812,18762,18719,18688,18572,18630
667,19435,19284,19301,19231,19308,19033,19146,19033,18957,18975,18915,18867,18826,18757,18743
668,19708,19522,19366,19407,19354,19260,19242,19097,19209,19158,19155,19029,19073,18859,18864
669,19632,19759,19611,19636,19556,19503,19405,19398,19336,19201,19151,19147,19291,19172,19176
670,19994,19832,19712,19598,19679,19647,19617,19415,19430,19382,19461,19332,19281,19230,19219
671,19969,19931,19771,19891,19752,19730,19574,19582,19589,19475,19394,19406,19369,19285,19257
672,19975,19961,19841,19879,19813,19793,19674,19703,19643,19551,19524,19346,19390,19286,19426
673,20002,20017,19893,19763,19713,19775,19725,19611,19539,19514,19435,19375,19386,19296,19248
674,19957,19716,19694,19707,19575,19591,19545,19463,19263,19343,19449,19183,19147,19166,19090
675,19605,19435,19494,19457,19331,19382,19147,19230,19075,19150,19040,18987,18976,18934,18952
676,19199,19281,19214,19050,19134,19109,18990,18919,18864,18792,18765,18786,18735,18674,18590
677,18843,18854,18834,18755,18640,18716,18730,18682,18507,18531,18480,18454,18366,18295,18285
678,18619,18456,18527,18515,18371,18422,18219,18257,18192,18250,18143,18037,17992,18059,18059
679,18265,18273,18205,18174,18081,18103,17980,17979,17909,17943,17854,17749,17801,17658,17545
680,18074,18008,17836,17862,17743,17916,17700,17792,17707,17643,17571,17543,17447,17435,17351
681,17769,17697,17639,17624,17570,17491,17414,17454,17368,17231,17309,17251,17193,17165,17089
682,17509,17341,17387,17372,17256,17228,17112,17204,17116,17034,16896,17020,16880,16896,16867
683,17132,17072,17015,17010,16976,17003,16868,16869,16802,16841,16709,16644,16738,16552,16539
684,16942,16842,16853,16718,16630,16719,16636,16523,16508,16486,16431,16400,16338,16283,16270
685,16650,16595,16526,16420,16414,16314,16324,16323,16236,16231,16158,16219,16123,16030,16091
686,16381,16356,16343,16215,16195,16179,16149,16103,16084,15930,15991,16001,15863,15859,15797
687,16305,16195,16081,16171,16156,15938,15921,15796,15897,15806,15689,15740,15695,15792,15707
688,16104,16106,16015,15959,15934,15945,15919,15868,15743,15734,15714,15547,15422,15529,15585
689,16085,16028,15954,15863,16535,15871,15871,15757,15769,15681,15630,15567,15520,15498,15403
690,15988,16081,15897,15839,15891,15838,15809,15779,15712,15597,15602,15619,15470,15482,15551
691,16041,16073,15979,15960,15930,15847,15812,15662,15771,15609,15508,15588,15527,15611,15469
692,16073,16124,15990,15979,15943,15958,15795,15838,15827,15714,15695,15614,15526,15447,15525
693,16178,16123,16116,15997,15833,16006,15839,15917,15752,15792,15674,15629,15578,15574,15572
694,16229,16137,16097,16061,15987,15965,15885,15873,15793,15835,15733,15659,15680,15707,15672
695,16258,16226,16219,16085,16008,16019,15960,15928,15915,15951,15830,15742,15771,15728,15568
696,16255,16266,16194,16208,16109,15998,16068,16022,16012,15807,15915,15747,15764,15678,15713
697,16333,16365,16209,16143,16139,16071,15963,16043,15975,15889,15947,15823,15800,15708,15668
698,16370,16345,16238,16266,16228,16102,16079,16001,16075,15971,15885,15857,15809,15867,15779
699,16341,16346,16281,16208,16266,16130,16053,16130,16008,15953,15965,15912,15820,15894,15780
700,16294,16255,16180,16293,16161,16057,16081,15920,15958,15886,15863,15898,15775,15785,15761
701,16255,16175,16041,16118,16088,16138,15875,15900,15863,15889,15657,15782,15707,15671,15528
702,15987,16150,15928,15966,15950,15909,15845,15856,15766,15588,15702,15648,15571,15479,15511
703,15967,15777,15816,15740,15619,15742,15700,15636,15590,15532,15491,15547,15370,15340,15376
704,15743,15654,15664,15640,15511,15534,15456,15460,15428,15317,15210,15261,15216,15152,15257
705,15613,15516,15450,15312,15269,15400,15231,15137,15156,15191,15035,15094,15091,15070,15012
706,15359,15376,15297,15278,15178,15134,15088,15090,15026,14969,14975,14929,14780,14837,14836
707,15265,15159,15008,15088,14975,14998,14954,14871,14830,14804,14699,14774,14643,14833,14725
708,15174,14938,14965,14832,14924,14867,14756,14783,14711,14559,14622,14568,14566,14535,14478
709,15051,15022,14819,14902,14838,14782,14699,14759,14708,14566,14562,14591,14457,14443,14430
710,14854,14831,14781,14820,14702,14685,14696,14595,14543,14459,14467,14463,14406,14446,14409
711,14763,14755,14796,14792,14579,14657,14574,14527,14424,14410,14436,14377,14404,14308,14257
712,14914,14889,14757,14745,14579,14562,14464,14462,14508,14430,14319,14268,14291,14317,14188
713,14773,14633,14668,14581,14615,14514,14384,14456,14365,14392,14369,14238,14233,14222,14175
714,14700,14540,14508,14543,14507,14438,14371,14425,14376,14261,14241,14195,14175,14151,14131
715,14741,14599,14525,14533,14583,14406,14375,14382,14338,14322,14221,14165,14204,14078,14111
716,14752,14520,14487,14437,14439,14454,14299,14384,14275,14247,14212,14113,14206,14092,14119
717,14571,14553,14419,14438,14406,14349,14246,14281,14189,14179,14126,14135,14067,14059,14026
718,14407,14500,14413,14427,14456,14257,14181,14263,14252,14190,14151,14000,14036,13972,14013
719,14509,14462,14491,14331,14393,14318,14250,14254,14243,14169,14095,14048,14129,13982,14003
720,14492,14455,14497,14435,14315,14219,14241,14241,14131,14123,14060,14036,14024,13968,14002
721,14483,14474,14516,14373,14383,14274,14248,14184,14207,14117,14100,14067,14022,14022,13940
722,14489,14499,14462,14272,14405,14248,14194,14284,14157,14159,14148,13943,14045,14036,13974
723,14504,14375,14400,14374,14337,14321,14140,14192,14183,14134,14088,14064,13961,14039,13971
724,14388,14371,14346,14283,15207,14276,14174,14063,14062,14030,14055,13992,14034,13923,13976
725,14388,14299,14332,14240,14390,14227,14201,14078,14080,14112,13984,14019,14019,13955,13883
726,14297,14269,14233,14166,14199,14182,14133,13954,14074,13977,13944,13936,13936,13792,13841
727,14212,14206,14156,14079,14000,14083,13978,13963,13982,13870,13909,13893,13834,13815,13624
728,14115,14145,14135,14104,13973,14016,13909,13854,13863,13836,13815,13743,13759,13754,13746
729,14210,14062,13962,14015,13942,13833,13908,13953,13806,13746,13796,13795,13670,13592,13654
730,14139,14115,14061,14062,14007,13934,13924,13981,13839,13832,13747,13757,13710,13645,13637
731,14226,14185,14144,14084,14071,13979,13971,13940,13963,13853,13789,13844,13816,13781,13754
732,14282,14270,14273,14234,14208,14170,14059,14064,14088,13985,14022,13908,13874,13865,13824
733,14503,14489,14451,14323,14393,14237,14282,14216,14197,14165,14143,14087,14026,14076,13993
734,14707,14689,14633,14511,14551,14600,14430,14381,14327,14392,14388,14286,14242,14236,14179
735,14916,14878,14930,14774,14838,14785,14752,14642,14644,14544,14570,14486,14456,14515,14463
736,15127,15071,15095,15076,14965,14937,14847,14832,14883,14790,14763,14800,14660,14698,14623
737,15310,15296,15242,15170,15103,15082,15109,15062,15045,15008,14953,15007,14901,14751,14822
738,15386,15298,15351,15318,15253,15242,15206,15103,15134,15168,15015,14990,14968,15011,14863
739,15575,15467,15406,15358,15289,15355,15195,15051,15163,15135,15038,15155,15003,15054,14978
740,15366,15377,15364,15367,15197,15181,15139,15102,15177,15132,15018,14951,14947,14903,14805
741,15194,15301,15150,15055,15117,15040,14990,14928,14893,14956,14815,14897,14787,14697,14680
742,14929,14888,14896,14810,14835,14825,14629,14651,14647,14630,14598,14595,14554,14522,14474
743,14595,14641,14532,14592,14476,14465,14402,14400,14283,14298,14311,14246,14102,14188,14144
744,14193,14235,14192,14180,14131,14081,14067,14115,13999,13967,13883,13884,13807,13841,13853
745,13883,13872,13887,13808,13751,13700,13644,13623,13605,13527,13466,13421,13504,13432,13422
746,13556,13490,13491,13387,13357,13345,13163,13239,13206,13194,13130,13143,13055,13083,13040
747,13279,13204,13205,13150,13108,13121,13016,12980,12923,13073,12860,12885,12856,12795,12762
748,13004,12960,12997,12921,12837,12836,12792,12717,12688,12760,12603,12609,12665,12670,12527
749,12857,12764,12835,12754,12727,12659,12621,12626,12491,12534,12519,12476,12531,12464,12390
750,12767,12759,12640,12636,12615,12511,12569,12500,12388,12414,12479,12350,12320,12253,12262
751,12652,12637,12624,12634,12544,12519,12462,12433,12393,12382,12434,12329,12310,12231,12241
752,12583,12601,12590,12519,12423,12451,12511,12383,12304,12358,12294,12214,12255,12164,12144
753,12528,12478,12461,12390,12434,12324,12343,12324,12283,12200,12198,12169,12118,12107,12128
754,12493,12335,12503,12398,12388,12330,12300,12267,12267,12210,12138,12114,12113,12097,12027
755,12365,12375,12285,12270,12251,12181,12134,12161,12115,12102,12038,12009,12021,11981,11968
756,12223,12239,12215,12144,12154,12040,12068,12049,12033,11933,11895,11916,11807,11757,11836
757,12076,12052,12118,12002,11971,11968,11984,11844,11857,11851,11794,11755,11741,11771,11607
758,12054,11990,11915,11868,11739,11879,11827,11846,11792,11694,11644,11649,11643,11537,11584
759,11887,11890,11847,11817,11729,11708,11679,11707,11605,11556,11571,11488,11455,11380,11480
760,11812,11774,11755,11637,11622,11627,11621,11541,11599,11514,11435,11443,11455,11416,11420
761,11653,11672,11695,11563,11598,11482,11552,11434,11456,11437,11400,11330,11340,11382,11319
762,11656,11649,11535,11576,11496,11539,11376,11465,11371,11370,11330,11363,11162,11292,11230
763,11600,11601,11517,11522,11539,11412,11386,11283,11339,11304,11347,11277,11183,11240,11113
764,11555,11496,11488,11521,11447,11400,11401,11288,11397,11356,11305,11263,11180,11240,11134
765,11510,11583,11574,11403,11395,11463,11384,11326,11216,11348,11185,11282,11216,11176,11114
766,11516,11530,11425,11462,11409,11355,11300,11358,11285,11332,11243,11201,11143,11067,11173
767,11440,11456,11327,11431,11344,11372,11321,11310,11245,11166,11218,11148,11098,11028,11062
768,11431,11483,11516,11308,11313,11270,11224,11254,11145,11185,11151,11096,11088,11040,11058
769,11348,11336,11336,11283,11206,11154,11142,11111,11114,11019,11103,11074,11033,10960,10968
770,11367,11162,11220,11169,11159,11082,11079,11070,11035,10966,10945,10925,10991,10839,10804
771,11181,11159,10997,11078,11048,11014,10938,10956,10979,10942,10781,10822,10843,10719,10778
772,11083,11059,10985,10963,10923,10895,10919,10820,10792,10766,10703,10654,10788,10684,10627
773,10918,10943,10974,10801,10810,10790,10743,10816,10692,10657,10743,10663,10681,10547,10567
774,10843,10750,10804,10758,10743,10674,10683,10594,10578,10551,10542,10530,10453,10394,10417
775,10691,10641,10754,10579,10657,10575,10585,10550,10526,10439,10490,10386,10388,10341,10296
776,10723,10617,10583,10479,10544,10481,10486,10414,10534,10384,10409,10328,10305,10313,10265
777,10540,10586,10482,10411,10497,10384,10369,10351,10307,10311,10280,10194,10268,10209,10091
778,10562,10487,10487,10455,10389,10344,10365,10308,10397,10316,10283,10197,10167,10173,10058
779,10510,10447,10438,10321,10346,10339,10329,10249,10289,10239,10189,10223,10118,10169,10106
780,10403,10395,10424,10287,10299,10287,10212,10209,10199,10192,10134,10152,10119,10125,10055
781,10372,10414,10399,10319,10291,10313,10270,10185,10263,10262,10171,10160,10053,10061,10075
782,10451,10482,10419,10428,10278,10244,10339,10249,10211,10194,10127,10051,10106,10147,10069
783,10485,10519,10471,10406,10377,10330,10298,10291,10266,10175,10144,10169,10172,10132,10083
784,10534,10525,10517,10448,10384,10366,10326,10255,10282,10340,10222,10250,10225,10150,10183
785,10647,10566,10500,10540,10501,10455,10430,10372,10312,10296,10373,10270,10256,10251,10201
786,10739,10726,10716,10608,10603,10582,10508,10505,10469,10424,10418,10441,10402,10351,10328
787,10827,10819,10821,10823,10706,10672,10590,10652,10648,10564,10573,10595,10499,10417,10465
788,10965,11021,10986,10957,10903,10942,10819,10806,10809,10776,10671,10753,10758,10621,10595
789,11206,11225,11111,11083,11054,11079,11059,11001,10954,10984,10919,10902,10887,10925,10807
790,11452,11400,11358,11390,11266,11233,11253,11241,11090,11098,11126,11211,11028,11059,10965
791,11644,11464,11647,11537,11539,11464,11398,11472,11393,11334,11407,11332,11294,11279,11199
792,11800,11848,11799,11713,11709,11671,11670,11635,11682,11594,11548,11478,11418,11569,11526
793,11961,12045,12054,12047,11933,11836,11751,11811,11783,11740,11797,11666,11696,11743,11619
794,12282,12107,12211,12146,12070,12049,12044,12003,12026,11940,11818,11913,11871,11799,11797
795,12260,12245,12176,12138,12163,12178,12120,12046,12072,11941,12035,11928,12017,11967,11892
796,12311,12366,12248,12268,12166,12139,12174,12056,12136,12063,12084,12054,11974,11926,11941
797,12254,12173,12131,12148,12114,12143,12100,12060,12032,11984,11927,11954,11970,11989,11900
798,12033,12024,12016,11926,11935,12009,11910,11831,11863,11830,11743,11813,11706,11720,11751
799,11796,11857,11686,11656,11614,11651,11645,11648,11558,11595,11543,11511,11412,11365,11445
800,11529,11505,11439,11431,11345,11379,11239,11288,11300,11248,11111,11232,11214,11173,11108
801,11202,11176,11128,11108,11090,11032,11025,11039,10980,10985,10887,10883,10814,10865,10758
802,10845,10939,10834,10774,10740,10658,10700,10775,10606,10662,10593,10590,10564,10555,10475
803,10560,10528,10492,10524,10490,10456,10504,10405,10346,10377,10378,10313,10313,10306,10202
804,10371,10352,10343,10281,10301,10217,10227,10172,10181,10101,10026,10110,10046,10088,9948
805,10155,10127,10143,10145,10070,10059,10047,9934,9912,9926,9928,9937,9889,9855,9794
806,10079,10075,9891,9931,9929,9884,9897,9872,9826,9771,9794,9789,9704,9731,9698
807,9954,9957,9943,9850,9795,9773,9754,9818,9745,9683,9630,9691,9582,9596,9550
808,9825,9829,9762,9688,9740,9679,9728,9687,9670,9584,9590,9638,9509,9555,9515
809,9778,9803,9682,9681,9668,9605,9635,9619,9631,9578,9517,9475,9497,9478,9464
810,9757,9723,9696,9677,9611,9599,9555,9505,9491,9507,9439,9410,9390,9397,9368
811,9699,9640,9616,9539,9594,9537,9495,9431,9454,9431,9442,9355,9353,9387,9286
812,9611,9601,9546,9510,9482,9443,9440,9399,9363,9344,9338,9321,9323,9255,9248
813,9583,9578,9573,9422,9495,9439,9439,9374,9262,9306,9367,9360,9316,9207,9230
814,9519,9492,9514,9414,9350,9347,9353,9304,9336,9283,9325,9234,9248,9138,9238
815,9439,9442,9398,9361,9304,9284,9262,9300,9317,9246,9174,9164,9097,9095,9100
816,9402,9303,9358,9308,9300,9211,9290,9283,9195,9163,9165,9124,9043,9071,9119
817,9280,9347,9330,9246,9286,9281,9145,9031,9184,9083,9000,9078,9052,9085,9030
818,9262,9278,9283,9280,9192,9115,9070,9118,9137,9104,9034,9001,9051,8931,8990
819,9249,9136,9123,9175,9203,9121,9142,9106,8990,9061,8991,9007,8934,8977,8884
820,9177,9154,9135,9198,9111,9045,9159,9065,9009,8911,8990,8969,8866,8835,8893
821,9082,9022,9116,9040,8954,9035,9063,8927,8987,8876,8943,8812,8883,8830,8870
822,9085,9134,9000,8999,9032,8962,8923,8879,8908,8978,8769,8836,8821,8795,8764
823,9044,9002,8946,8956,8918,8821,8847,8803,8873,8848,8818,8788,8791,8765,8678
824,8972,8932,8967,8886,8848,8831,8761,8879,8771,8758,8750,8686,8714,8663,8654
825,8850,8981,8784,8868,8816,8804,8776,8737,8769,8715,8682,8685,8726,8658,8635
826,8859,8905,8839,8781,8838,8661,8769,8702,8764,8723,8678,8593,8622,8624,8610
827,8891,8827,8842,8782,8823,8693,8679,8672,8670,8635,8614,8643,8579,8547,8516
828,8870,8808,8793,8756,8711,8705,8660,8620,8665,8587,8616,8486,8486,8549,8508
829,8735,8731,8734,8742,8666,8688,8604,8624,8623,8536,8543,8492,8487,8462,8494
830,8816,8719,8680,8680,8586,8689,8570,8535,8523,8563,8511,8534,8439,8477,8458
831,8753,8688,8742,8610,8675,8612,8602,8478,8538,8542,8497,8519,8504,8474,8443
832,8671,8735,8695,8612,8609,8613,8568,8568,8507,8496,8514,8420,8393,8462,8436
833,8720,8619,8658,8622,8559,8655,8566,8531,8503,8473,8439,8469,8417,8427,8464
834,8679,8689,8688,8626,8609,8601,8603,8460,8546,8524,8471,8448,8404,8412,8411
835,8700,8686,8725,8624,8579,8539,8546,8530,8591,8556,8469,8492,8446,8525,8423
836,8768,8668,8714,8668,8645,8619,8684,8615,8525,8522,8546,8510,8470,8509,8463
837,8750,8707,8689,8726,8648,8608,8639,8631,8650,8590,8517,8512,8543,8463,8455
838,8820,8760,8790,8688,8721,8729,8653,8638,8602,8598,8593,8553,8536,8499,8453
839,8831,8817,8739,8763,8695,8684,8678,8666,8663,8590,8608,8608,8575,8636,8566
840,8880,8767,8726,8732,8734,8729,8667,8707,8627,8625,8641,8587,8579,8497,8575
841,8906,8830,8782,8835,8828,8762,8725,8732,8700,8606,8699,8635,8622,8579,8554
842,8854,8894,8831,8771,8766,8754,8790,8700,8672,8704,8649,8576,8726,8611,8594
843,8865,8919,8793,8705,8835,8756,8740,8746,8712,8694,8688,8656,8645,8646,8611
844,8874,8820,8796,8779,8752,8744,8748,8695,8668,8678,8671,8611,8584,8689,8577
845,8827,8758,8796,8822,8784,8705,8731,8695,8689,8603,8623,8670,8626,8628,8653
846,8791,8853,8868,8774,8766,8767,8689,8745,8695,8667,8627,8667,8674,8547,8555
847,8812,8882,8783,8882,8742,8790,8684,8736,8660,8685,8615,8638,8589,8552,8540
848,8841,8823,8752,8728,8706,8642,8705,8588,8599,8549,8572,8489,8570,8546,8487
849,8768,8734,8696,8723,8657,8614,8611,8644,8624,8587,8539,8531,8556,8476,8455
850,8706,8724,8728,8647,8645,8652,8580,8603,8511,8585,8541,8520,8478,8406,8496
851,8693,8668,8624,8673,8650,8588,8560,8585,8547,8587,8496,8547,8432,8470,8420
852,8696,8672,8566,8580,8618,8566,8619,8538,8441,8534,8438,8439,8419,8400,8364
853,8648,8643,8575,8536,8502,8498,8497,8474,8447,8458,8386,8370,8378,8366,8387
854,8566,8548,8495,8463,8537,8472,8492,8450,8394,8420,8386,8339,8331,8314,8311
855,8565,8483,8524,8457,8475,8412,8395,8384,8387,8360,8304,8265,8294,8297,8332
856,8378,8442,8431,8412,8403,8374,8383,8392,8234,8297,8318,8300,8240,8230,8205
857,8446,8404,8403,8424,8368,8372,8337,8296,8251,8232,8293,8175,8224,8235,8235
858,8363,8342,8381,8326,8287,8267,8311,8256,8214,8172,8213,8179,8190,8131,8087
859,8301,8256,8306,8227,8266,8196,8184,8236,8168,8206,8171,8159,8134,8099,8072
860,8293,8200,8192,8163,8190,8149,8171,8163,8254,8101,8043,8108,8049,8050,8039
861,8217,8205,8130,8107,8144,8126,8111,8107,8078,8035,7999,8003,7887,8048,7963
862,8132,8135,8135,8047,8107,8073,8039,8118,7984,8037,7958,7994,8024,7931,7876
863,8101,8098,8071,8044,8055,8026,8048,7971,7944,7985,7911,7988,7921,7915,7842
864,8049,8075,7990,8024,7953,7999,7940,7951,7887,7871,7849,7783,7851,7807,7851
865,7959,8011,7989,7948,7922,7846,7900,7840,7785,7795,7859,7795,7784,7769,7763
866,7950,7943,7934,7896,7919,7929,7842,7840,7817,7762,7721,7713,7786,7780,7706
867,7947,7874,7917,7830,7798,7748,7770,7812,7767,7742,7753,7753,7759,7688,7628
868,7858,7841,7819,7727,7778,7769,7739,7678,7729,7737,7664,7679,7618,7665,7621
869,7802,7812,7776,7732,7718,7692,7660,7677,7550,7664,7618,7580,7577,7551,7510
870,7682,7638,7609,7607,7679,7590,7611,7606,7569,7598,7607,7497,7467,7491,7475
871,7662,7629,7605,7570,7602,7595,7518,7503,7508,7504,7488,7435,7384,7432,7376
872,7563,7571,7490,7568,7507,7432,7435,7436,7378,7390,7379,7373,7368,7357,7249
873,7508,7470,7456,7387,7360,7392,7340,7346,7366,7348,7313,7282,7285,7224,7257
874,7456,7411,7375,7357,7317,7287,7206,7273,7238,7273,7247,7253,7182,7176,7173
875,7299,7288,7272,7267,7192,7260,7219,7169,7191,7085,7055,7115,7162,7092,7072
876,7211,7228,7199,7207,7134,7157,7135,7116,7114,7091,7011,7057,7061,6987,6992
877,7178,7093,7091,7076,7109,7114,6970,7039,6979,7034,7012,6995,6973,6932,6952
878,7092,7030,7033,6998,7055,7053,6904,6923,6958,6962,6833,6935,6915,6882,6835
879,6948,6993,6951,6892,6922,6930,6928,6928,6841,6823,6819,6821,6769,6761,6706
880,6920,6914,6872,6863,6823,6791,6772,6762,6764,6787,6776,6705,6774,6704,6663
881,6798,6787,6780,6750,6740,6726,6689,6716,6717,6731,6611,6632,6683,6606,6628
882,6780,6702,6705,6667,6686,6691,6660,6631,6654,6585,6585,6613,6508,6500,6550
883,6673,6631,6615,6617,6665,6563,6553,6526,6490,6533,6516,6470,6473,6431,6450
884,6620,6639,6563,6536,6501,6524,6497,6488,6438,6468,6479,6434,6406,6406,6354
885,6554,6531,6486,6499,6469,6447,6419,6398,6424,6415,6428,6314,6361,6368,6344
886,6485,6478,6388,6411,6424,6373,6292,6373,6359,6355,6288,6295,6320,6328,6292
887,6431,6462,6358,6390,6356,6286,6326,6321,6279,6247,6270,6248,6233,6214,6251
888,6307,6363,6289,6352,6304,6238,6231,6243,6193,6218,6198,6135,6192,6137,6103
889,6318,6333,6260,6253,6271,6266,6186,6180,6148,6188,6172,6153,6114,6113,6116
890,6267,6254,6140,6217,6165,6196,6170,6150,6080,6164,6096,6098,6055,6073,6022
891,6214,6202,6121,6148,6090,6068,6039,6098,6018,6080,6022,6052,6011,6049,6000
892,6137,6143,6096,6061,6150,6034,6073,6037,6012,6049,5982,5985,5963,5978,5936
893,6071,6095,6092,6089,6032,6014,6003,5971,5953,5964,5961,5872,5918,5916,5922
894,6045,6101,6000,6010,5991,5979,5951,5995,5935,5913,5929,5884,5879,5771,5891
895,6011,6039,5964,5985,5990,5974,5961,5948,5875,5935,5860,5812,5883,5831,5769
896,5992,5974,5900,5968,5922,5918,5845,5941,5846,5876,5867,5793,5775,5840,5823
897,5999,5910,5916,5846,5872,5884,5857,5819,5812,5791,5786,5756,5767,5764,5759
898,5916,5902,5846,5802,5867,5810,5819,5787,5778,5754,5739,5746,5722,5732,5690
899,5899,5886,5875,5778,5828,5816,5747,5789,5720,5779,5736,5693,5722,5658,5658
900,5873,5811,5786,5763,5811,5733,5695,5691,5721,5703,5653,5638,5657,5640,5614
901,5829,5780,5743,5759,5726,5703,5711,5700,5645,5707,5631,5632,5604,5657,5594
902,5765,5784,5721,5731,5705,5613,5660,5681,5668,5641,5614,5622,5589,5560,5573
903,5728,5685,5756,5692,5655,5663,5651,5590,5602,5655,5589,5559,5591,5552,5555
904,5679,5679,5637,5710,5635,5615,5591,5645,5591,5599,5527,5552,5444,5532,5558
905,5615,5655,5628,5604,5588,5559,5594,5599,5592,5522,5523,5504,5509,5449,5457
906,5654,5628,5584,5671,5630,5609,5580,5534,5507,5548,5466,5494,5493,5456,5399
907,5614,5579,5606,5592,5624,5534,5550,5535,5502,5489,5475,5460,5474,5439,5433
908,5556,5560,5598,5555,5519,5542,5451,5473,5500,5499,5424,5464,5438,5404,5430
909,5534,5536,5542,5525,5534,5484,5497,5442,5477,5432,5415,5420,5391,5399,5392
910,5546,5518,5523,5485,5454,5464,5436,5491,5399,5406,5392,5379,5298,5350,5291
911,5523,5451,5433,5429,5469,5423,5401,5399,5372,5368,5356,5358,5366,5350,5302
912,5513,5487,5521,5463,5410,5407,5411,5373,5351,5354,5380,5351,5334,5331,5284
913,5460,5411,5421,5344,5388,5401,5430,5403,5308,5338,5314,5303,5238,5282,5285
914,5403,5450,5412,5383,5381,5362,5383,5367,5310,5310,5298,5242,5242,5189,5243
915,5436,5377,5357,5375,5363,5322,5303,5328,5359,5283,5253,5244,5223,5171,5203
916,5367,5367,5313,5344,5363,5313,5287,5335,5305,5250,5287,5239,5208,5240,5196
917,5320,5369,5296,5374,5239,5279,5319,5305,5259,5270,5210,5224,5203,5180,5209
918,5332,5332,5287,5338,5335,5255,5308,5207,5235,5219,5206,5237,5146,5130,5171
919,5326,5340,5304,5284,5264,5215,5271,5225,5250,5203,5196,5153,5217,5155,5138
920,5285,5258,5260,5227,5255,5229,5204,5160,5198,5185,5148,5132,5117,5139,5059
921,5259,5251,5231,5240,5150,5209,5146,5156,5164,5111,5115,5109,5070,5127,5081
922,5243,5257,5200,5202,5180,5241,5195,5134,5122,5129,5136,5073,5079,5105,5095
923,5239,5210,5198,5179,5121,5188,5155,5169,5076,5128,5107,5135,5035,5031,5058
924,5217,5175,5183,5131,5159,5119,5140,5059,5124,5073,5103,5088,5052,5015,5061
925,5153,5163,5050,5140,5130,5106,5093,5084,5094,5098,5023,4980,5017,4954,4986
926,5149,5155,5110,5082,5077,5061,5040,5082,5008,5042,5031,5008,5012,4964,4910
927,5087,5163,5122,5103,5111,5055,5042,5038,5083,5019,5016,5005,4998,4965,4956
928,5156,5113,5078,5075,5046,5013,5054,4991,4996,4957,4988,4968,4916,4972,4907
929,5084,5108,5063,5028,5038,4974,4967,5031,4950,4945,4956,4974,4958,4940,4931
930,5078,5002,5012,5045,4982,4971,5040,4961,4946,4954,4910,4962,4886,4873,4880
931,5058,5018,5027,5009,4963,4991,4998,4925,4891,4886,4917,4916,4854,4898,4847
932,5006,4991,5004,4978,4969,4990,4924,4912,4904,4894,4875,4861,4806,4879,4830
933,5047,4991,4973,4938,4930,4941,4907,4901,4903,4867,4883,4870,4863,4812,4794
934,4907,4934,4943,4919,4884,4886,4882,4845,4819,4872,4837,4790,4787,4741,4730
935,4925,4939,4979,4857,4858,4864,4886,4871,4840,4826,4782,4823,4785,4799,4796
936,4927,4908,4881,4874,4902,4852,4840,4810,4843,4811,4796,4767,4792,4736,4763
937,4866,4858,4812,4894,4806,4849,4822,4843,4831,4842,4807,4760,4721,4722,4755
938,4819,4874,4817,4824,4800,4851,4790,4789,4765,4800,4759,4742,4697,4749,4719
939,4838,4860,4838,4777,4720,4812,4715,4838,4758,4740,4707,4700,4674,4693,4670
940,4830,4786,4784,4822,4760,4722,4716,4718,4706,4719,4752,4702,4728,4656,4670
941,4795,4775,4722,4707,4723,4775,4704,4723,4665,4662,4738,4678,4665,4660,4652
942,4785,4731,4790,4740,4684,4694,4661,4712,4656,4671,4619,4633,4597,4649,4592
943,4753,4775,4676,4627,4699,4696,4647,4678,4655,4565,4636,4596,4632,4590,4575
944,4676,4721,4686,4663,4698,4652,4652,4637,4618,4608,4563,4630,4589,4585,4553
945,4694,4650,4658,4670,4614,4657,4592,4650,4555,4644,4599,4503,4575,4577,4523
946,4709,4623,4627,4643,4605,4642,4599,4560,4596,4530,4558,4528,4536,4609,4519
947,4618,4624,4637,4660,4572,4636,4604,4608,4549,4559,4532,4544,4560,4510,4495
948,4635,4585,4595,4619,4559,4596,4586,4533,4528,4479,4519,4491,4492,4515,4491
949,4582,4585,4569,4608,4567,4534,4511,4471,4522,4520,4516,4492,4468,4525,4423
950,4572,4564,4571,4541,4510,4502,4500,4496,4511,4492,4474,4494,4426,4447,4399
951,4576,4558,4536,4550,4515,4493,4507,4485,4472,4476,4457,4431,4420,4400,4451
952,4505,4537,4518,4560,4495,4463,4507,4418,4470,4454,4404,4401,4420,4414,4422
953,4499,4468,4498,4466,4471,4457,4479,4475,4451,4430,4398,4410,4391,4374,4396
954,4531,4497,4464,4478,4478,4476,4448,4414,4370,4404,4327,4397,4386,4345,4386
955,4478,4451,4412,4447,4411,4416,4414,4385,4398,4385,4392,4387,4339,4352,4327
956,4425,4468,4431,4474,4464,4382,4417,4383,4398,4375,4334,4295,4359,4365,4355
957,4393,4438,4389,4401,4402,4365,4393,4388,4390,4358,4295,4326,4342,4296,4315
958,4403,4384,4402,4401,4355,4357,4360,4327,4386,4339,4325,4295,4278,4286,4321
959,4407,4378,4392,4367,4362,4310,4315,4364,4310,4345,4297,4284,4263,4303,4222
960,4383,4333,4359,4343,4357,4309,4341,4275,4335,4288,4291,4212,4250,4230,4231
961,4310,4347,4327,4302,4333,4310,4268,4285,4311,4272,4275,4264,4267,4211,4227
962,4363,4315,4294,4276,4295,4316,4273,4280,4262,4290,4190,4293,4223,4208,4245
963,4334,4314,4294,4286,4277,4305,4253,4262,4233,4246,4225,4223,4202,4207,4230
964,4307,4285,4253,4251,4269,4255,4231,4248,4195,4242,4220,4214,4211,4174,4199
965,4301,4295,4263,4240,4224,4255,4247,4230,4168,4204,4191,4132,4157,4191,4126
966,4280,4266,4240,4248,4230,4249,4223,4203,4213,4175,4179,4151,4172,4144,4136
967,4291,4231,4254,4232,4234,4188,4193,4159,4181,4180,4173,4150,4156,4134,4109
968,4243,4239,4219,4232,4209,4168,4193,4186,4188,4131,4134,4124,4131,4131,4126
969,4215,4234,4231,4227,4184,4184,4172,4122,4151,4142,4120,4125,4137,4101,4127
970,4227,4202,4139,4147,4187,4177,4138,4131,4139,4135,4126,4128,4094,4113,4116
971,4191,4207,4172,4160,4177,4091,4145,4092,4104,4077,4103,4103,4076,4054,4089
972,4199,4194,4183,4153,4120,4141,4133,4087,4132,4107,4090,4096,4074,4077,4053
973,4170,4172,4184,4108,4096,4138,4108,4107,4088,4071,4096,4027,4056,4048,4009
974,4198,4186,4214,4094,4090,4108,4059,4068,4086,4076,4053,4050,4061,4064,4001
975,4123,4113,4150,4081,4099,4103,4099,4100,4055,4039,4006,4000,4074,4057,4038
976,4161,4150,4070,4086,4092,4101,4072,4065,4106,4026,4037,3999,4038,4060,3994
977,4125,4120,4103,4102,4096,4032,4078,4062,4059,4034,4054,4037,4087,4006,4000
978,4104,4104,4087,4111,4063,4038,4083,4034,4057,4038,4012,4042,3975,4015,3958
979,4108,4102,4080,4063,4066,4065,4011,4084,3990,4055,4019,4048,4009,3956,3987
980,4102,4073,4072,4063,4092,4043,4068,4048,4006,3994,3990,3977,4005,3990,3964
981,4062,4045,4054,4046,4066,4024,4046,3964,4046,4030,3999,4028,3983,3990,3956
982,4084,4073,4062,4044,4024,4023,4005,4006,4001,3991,3983,3955,3961,3963,3931
983,4029,4059,4037,4024,4020,4005,4011,3987,4014,3996,3987,3973,3956,3970,3963
984,4078,4062,4033,4045,4015,4015,4046,3993,3975,3976,4006,3945,3951,3937,3907
985,4054,4012,4032,4016,4048,4020,3989,4038,3966,3971,3958,3937,3980,3973,3932
986,4031,4086,4027,3998,4029,4017,4050,3986,4005,3966,3969,3960,3935,3975,3928
987,4030,4020,4031,4028,4006,3997,3957,3995,3954,3954,3938,3937,3959,3920,3918
988,4027,4049,4039,4071,3928,3967,3926,4016,3984,3969,3956,3952,3903,3960,3968
989,3968,3987,4013,3988,3981,3939,3956,3924,3977,3968,3922,3913,3931,3923,3943
990,4008,3985,4000,4007,4001,3954,3936,3993,3926,3900,3927,3926,3914,3932,3895
991,4002,3971,3959,3965,3956,3978,3938,3974,3950,3925,3874,3913,3919,3902,3876
992,3996,3938,3951,3993,3968,3964,3944,3943,3920,3930,3876,3903,3899,3893,3890
993,3982,3968,3924,3923,3968,3925,3954,3885,3910,3910,3874,3906,3859,3896,3854
994,3930,3952,3938,3915,3936,3923,3942,3963,3880,3938,3897,3894,3909,3878,3860
995,3915,3927,3940,3907,3938,3962,3896,3898,3900,3907,3904,3856,3865,4655,3865
996,3918,3920,3906,3936,3923,3914,3888,3858,3890,3883,3878,3832,3817,4108,3785
997,3930,3904,3886,3905,3844,3907,3847,3891,3823,3854,3827,3819,3819,3864,3821
998,3902,3924,3890,3925,3874,3855,3892,3857,3878,3911,3814,3834,3784,3830,3790
999,3920,3918,3920,3865,3920,3914,3904,3863,3871,3861,3827,3850,3810,3809,3849
1000,3935,3952,3939,3938,3904,3905,3902,3893,3858,3841,3885,3850,3849,3834,3843
1001,3944,3986,3946,4005,3948,3944,3912,3910,3915,3921,3872,3872,3888,3868,3872
1002,3989,3958,3929,3971,3968,3959,3923,3907,3939,3947,3915,3942,3876,3894,3882
1003,3996,3957,3922,3970,3964,3936,3919,3927,3911,3874,3904,3883,3903,3888,3836
1004,3983,3931,3885,3927,3927,3911,3904,3875,3854,3924,3867,3849,3845,3845,3848
1005,3866,3853,3868,3854,3844,3837,3852,3827,3775,3847,3783,3764,3775,3784,3739
1006,3834,3779,3793,3767,3778,3749,3768,3756,3725,3713,3727,3727,3751,3750,3715
1007,3758,3705,3687,3722,3664,3699,3696,3695,3643,3696,3662,3676,3599,3611,3628
1008,3648,3649,3656,3646,3660,3625,3632,3608,3638,3636,3594,3583,3576,3590,3574
1009,3615,3579,3563,3571,3597,3593,3548,3565,3552,3546,3514,3521,3495,3483,3504
1010,3534,3557,3529,3513,3536,3534,3483,3496,3514,3534,3486,3503,3474,3459,3452
1011,3514,3470,3495,3504,3468,3471,3499,3480,3471,3462,3450,3460,3458,3459,3455
1012,3467,3491,3462,3454,3471,3427,3440,3412,3420,3474,3404,3384,3397,3376,3398
1013,3433,3488,3445,3428,3400,3432,3398,3395,3402,3380,3365,3397,3372,3380,3344
1014,3381,3436,3420,3423,3377,3383,3362,3370,3374,3342,3373,3364,3344,3356,3349
1015,3388,3388,3391,3361,3374,3384,3334,3343,3340,3347,3331,3344,3346,3344,3303
1016,3376,3372,3347,3341,3363,3382,3358,3301,3299,3345,3296,3295,3271,3293,3305
1017,3363,3345,3303,3352,3344,3329,3340,3306,3279,3327,3257,3300,3277,3275,3270
1018,3370,3346,3278,3340,3326,3312,3308,3287,3283,3278,3263,3290,3261,3228,3243
1019,3326,3299,3299,3313,3307,3304,3335,3254,3250,3255,3257,3230,3258,3222,3243
1020,3303,3291,3307,3281,3319,3294,3263,3254,3276,3278,3252,3219,3201,3232,3248
1021,3314,3285,3262,3302,3249,3257,3261,3196,3251,3244,3262,3235,3195,3219,3197
1022,3265,3264,3260,3256,3249,3216,3253,3250,3205,3218,3184,3217,3214,3177,3176
1023,3251,3287,3226,3229,3219,3210,3246,3189,3223,3212,3207,3193,3200,3188,3217
1024,3242,3242,3231,3182,3208,3244,3196,3166,3191,3203,3214,3158,3136,3159,3175
