1,65535,65535,65535,65535,65535,65535,65535,65535,65535,65535
2,65535,65535,65535,65535,65535,65535,65535,65535,65535,65535
3,55269,54945,54938,55204,54969,55179,55164,55251,55493,55515
4,37741,37760,37767,37835,37704,37651,37805,37909,37832,37805
5,25767,25740,25765,25777,25799,25575,25682,25557,25634,25587
6,18713,18702,18685,18762,18680,18639,18602,18553,18629,18682
7,14383,14206,14228,14243,14156,14163,14163,14134,14167,14157
8,13178,12940,12819,12873,12768,12683,12872,12914,12774,12855
9,14180,13978,13829,13936,13875,13791,13858,13998,13983,13859
10,18410,18480,18179,18307,18403,18320,18300,18371,18523,18253
11,30435,30225,30451,30534,30473,29976,29662,29439,29655,29560
12,65535,65535,65535,65535,65535,65535,65535,65535,65535,65535
13,65535,65535,65535,65535,65535,65535,65535,65535,65535,65535
14,23494,22674,22919,22790,23760,24575,24379,23544,23141,23166
15,4332,4280,4274,4263,4295,4402,4389,4281,4229,4234
16,2687,2691,2678,2658,2643,2655,2657,2669,2682,2645
17,2434,2456,2466,2448,2439,2441,2442,2443,2481,2417
18,2356,2351,2336,2343,2357,2336,2362,2311,2323,2335
19,2303,2304,2262,2280,2291,2278,2269,2304,2282,2288
20,2231,2235,2201,2238,2226,2226,2219,2225,2192,2203
21,2185,2190,2180,2185,2156,2156,2175,2175,2156,2170
22,2155,2123,2116,2153,2108,2123,2122,2115,2124,2165
23,2104,2118,2085,2091,2078,2122,2088,2108,2100,2091
24,2058,2079,2091,2070,2077,2076,2062,2079,2022,2083
25,2048,2037,2041,2039,2014,2050,2039,2025,2047,2039
26,2023,2023,2018,2020,1983,2016,2027,1988,2027,2047
27,2034,1999,2013,1996,2000,2004,2025,1997,2005,2000
28,2017,1966,1984,1977,2000,2007,1984,1973,1972,1993
29,1956,1950,1959,1972,1951,1983,1958,1989,1959,1937
30,1948,1936,1944,1950,1937,1938,1947,1956,1955,1950
31,1934,1936,1922,1938,1962,1947,1926,1934,1918,1928
32,1897,1912,1916,1904,1918,1913,1918,1943,1915,1930
33,1884,1903,1865,1887,1899,1899,1870,1876,1880,1882
34,1851,1860,1866,1865,1879,1865,1862,1852,1858,1868
35,1846,1839,1846,1850,1870,1850,1847,1852,1847,1836
36,1825,1820,1825,1826,1835,1834,1819,1815,1812,1824
37,1814,1820,1801,1802,1816,1805,1804,1820,1815,1824
38,1808,1793,1791,1778,1795,1804,1808,1799,1799,1808
39,1796,1788,1786,1794,1772,1787,1799,1803,1774,1785
40,1774,1775,1787,1762,1788,1764,1794,1774,1775,1764
41,1747,1775,1742,1748,1770,1763,1759,1750,1758,1765
42,1738,1760,1762,1745,1761,1743,1731,1740,1756,1761
43,1759,1742,1734,1735,1753,1726,1728,1733,1735,1730
44,1738,1726,1737,1727,1724,1731,1742,1744,1727,1723
45,1705,1735,1712,1743,1735,1711,1724,1733,1728,1719
46,1731,1696,1715,1708,1724,1714,1720,1711,1711,1720
47,1696,1694,1702,1704,1705,1694,1726,1708,1703,1691
48,1690,1690,1683,1700,1698,1694,1695,1687,1679,1689
49,1707,1694,1663,1670,1680,1669,1684,1683,1678,1673
50,1693,1685,1694,1686,1689,1681,1687,1674,1657,1667
51,1666,1662,1667,1680,1695,1653,1692,1664,1655,1670
52,1649,1659,1660,1628,1648,1652,1660,1650,1634,1671
53,1656,1655,1641,1636,1655,1650,1656,1646,1636,1662
54,1634,1626,1638,1656,1629,1633,1642,1628,1635,1651
55,1611,1647,1620,1639,1610,1634,1647,1661,1648,1640
56,1617,1616,1631,1627,1633,1629,1651,1633,1625,1630
57,1617,1616,1651,1632,1625,1627,1641,1627,1617,1630
58,1631,1624,1612,1620,1648,1630,1639,1635,1638,1614
59,1658,1656,1640,1654,1617,1654,1648,1654,1657,1646
60,1681,1703,1692,1699,1698,1692,1689,1699,1707,1688
61,1750,1729,1747,1759,1751,1754,1744,1730,1753,1750
62,1785,1793,1807,1789,1813,1816,1801,1793,1769,1782
63,1837,1845,1840,1876,1840,1831,1815,1844,1828,1844
64,1910,1909,1887,1886,1891,1883,1900,1907,1899,1899
65,1979,2005,1979,1974,1998,2003,1971,2008,1980,1984
66,2219,2228,2251,2232,2227,2244,2278,2211,2241,2230
67,2754,2743,2718,2743,2747,2733,2721,2770,2729,2730
68,3433,3436,3456,3427,3418,3446,3419,3416,3431,3449
69,4309,4259,4275,4244,4262,4326,4231,4260,4272,4280
70,5183,5172,5126,5163,5148,5224,5191,5190,5128,5132
71,6062,6088,6036,6027,6057,6052,6027,6033,5990,6021
72,6867,6902,6912,6937,6932,6884,6895,6883,6875,6843
73,7782,7703,7737,7721,7735,7656,7731,7737,7636,7686
74,8695,8752,8739,8751,8771,8639,8714,8721,8663,8655
75,9897,9907,9930,9805,9910,9830,9798,9890,9751,9879
76,11025,10982,11059,10972,11038,11014,10980,10999,10943,10915
77,11862,11943,11970,11852,11952,11792,11859,11827,11907,11849
78,12615,12642,12565,12550,12536,12505,12543,12496,12506,12506
79,12995,12997,13006,12990,12961,12934,12962,12889,12951,12867
80,13409,13354,13335,13348,13327,13323,13230,13286,13297,13326
81,13716,13641,13742,13702,13595,13687,13601,13622,13632,13677
82,13982,13963,14111,13976,13954,13947,13993,13950,13894,13944
83,14188,14198,14157,14206,14239,14282,14199,14269,14187,14140
84,14414,14375,14331,14416,14359,14272,14256,14359,14266,14384
85,14362,14223,14359,14394,14278,14201,14327,14255,14286,14247
86,14003,14168,14008,14073,14085,14110,14079,14027,14177,14022
87,13759,13677,13622,13621,13684,13643,13687,13690,13683,13650
88,13230,13217,13219,13208,13132,13228,13220,13121,13200,13134
89,12716,12757,12700,12764,12674,12667,12700,12725,12654,12636
90,12295,12157,12212,12294,12208,12207,12171,12132,12115,12195
91,11760,11611,11598,11562,11606,11544,11611,11634,11541,11586
92,11107,11059,11040,11069,11075,11023,11063,11075,11089,10903
93,10575,10639,10627,10536,10498,10542,10521,10520,10533,10518
94,10060,10124,10062,10060,10040,10070,10012,10049,10064,9989
95,9637,9571,9601,9683,9604,9576,9591,9567,9600,9527
96,9195,9203,9119,9100,9138,9083,9198,9140,9091,9206
97,8693,8817,8758,8748,8733,8734,8742,8689,8618,8779
98,8382,8451,8445,8408,8391,8413,8404,8407,8407,8351
99,8098,8084,8158,8119,8093,8096,8134,8091,8071,8120
100,7827,7814,7846,7870,7780,7843,7837,7769,7814,7830
101,7560,7606,7542,7609,7595,7564,7559,7490,7541,7536
102,7385,7383,7341,7316,7340,7312,7320,7286,7268,7226
103,7139,7135,7094,7084,7157,7131,7154,7155,7070,7043
104,6980,6939,6904,6976,6872,6891,6958,6844,6910,6870
105,6788,6788,6784,6783,6758,6760,6783,6758,6780,6722
106,6655,6643,6651,6680,6550,6583,6665,6599,6539,6579
107,6545,6531,6515,6488,6494,6495,6496,6483,6519,6494
108,6419,6422,6407,6394,6379,6441,6359,6415,6408,6405
109,6321,6298,6325,6354,6281,6332,6310,6321,6268,6278
110,6256,6243,6272,6171,6208,6234,6210,6254,6211,6203
111,6170,6183,6145,6168,6187,6165,6153,6198,6251,6120
112,6148,6122,6139,6152,6125,6080,6129,6192,6113,6199
113,6167,6127,6105,6110,6103,6162,6115,6072,6134,6101
114,6148,6135,6121,6126,6082,6158,6064,6103,6049,6122
115,6121,6070,6077,6068,6103,6107,6047,6061,6123,6098
116,6182,6114,6114,6093,6137,6071,6095,6054,6046,6086
117,6126,6150,6115,6154,6139,6095,6103,6079,6084,6020
118,6183,6183,6160,6132,6178,6119,6116,6094,6101,6140
119,6222,6247,6186,6219,6174,6191,6184,6228,6129,6143
120,6216,6229,6245,6259,6243,6203,6211,6171,6208,6153
121,6347,6309,6289,6305,6322,6275,6247,6272,6260,6266
122,6395,6372,6362,6332,6362,6336,6301,6272,6270,6263
123,6450,6432,6457,6380,6377,6355,6384,6400,6328,6364
124,6503,6495,6528,6493,6471,6499,6384,6430,6421,6426
125,6578,6581,6576,6527,6576,6572,6515,6528,6502,6532
126,6695,6633,6631,6649,6657,6612,6636,6663,6635,6596
127,6734,6735,6695,6722,6686,6700,6757,6682,6633,6633
128,6827,6826,6764,6771,6774,6770,6806,6823,6728,6717
129,6883,6893,6886,6898,6886,6818,6853,6809,6835,6811
130,6978,6971,6940,7010,6974,6906,6959,6924,6891,6911
131,7083,7063,7057,7040,7028,6999,6976,7077,7020,6987
132,7190,7118,7126,7071,7074,7100,7101,7149,7085,7108
133,7254,7290,7243,7254,7218,7146,7179,7212,7248,7240
134,7328,7380,7331,7286,7308,7239,7283,7319,7329,7271
135,7438,7439,7417,7391,7385,7394,7393,7330,7344,7377
136,7564,7504,7484,7468,7554,7450,7422,7486,7446,7374
137,7606,7575,7559,7516,7516,7513,7502,7463,7515,7504
138,7653,7639,7609,7634,7617,7604,7546,7544,7595,7560
139,7694,7670,7703,7682,7633,7686,7630,7607,7623,7644
140,7746,7777,7678,7684,7727,7670,7679,7652,7654,7689
141,7816,7862,7700,7765,7699,7715,7716,7716,7755,7634
142,7820,7715,7811,7731,7694,7742,7676,7761,7773,7675
143,7800,7822,7758,7742,7766,7802,7699,7755,7724,7659
144,7846,7854,7788,7768,7782,7801,7787,7715,7680,7719
145,7825,7830,7795,7774,7786,7787,7793,7816,7754,7767
146,7806,7770,7779,7789,7833,7787,7763,7743,7754,7749
147,7824,7851,7860,7755,7754,7801,7737,7750,7795,7747
148,7822,7871,7818,7849,7784,7775,7770,7784,7742,7760
149,7872,7816,7861,7815,7845,7773,7790,7767,7758,7769
150,7891,7905,7848,7828,7803,7848,7763,7787,7798,7739
151,7884,7855,7946,7880,7851,7903,7716,7764,7851,7754
152,7894,7942,7926,7839,7869,7818,7803,7808,7844,7817
153,7944,7984,7905,7926,7908,7903,7850,7870,7877,7822
154,7983,7959,7900,7958,7911,7943,7869,7858,7839,7844
155,7919,7975,7939,7922,7998,7873,7890,7879,7937,7874
156,8052,8002,7981,7996,8011,7935,7917,7856,7898,7920
157,8064,7990,7966,8054,7947,7984,7967,7953,7890,7908
158,8088,8071,8049,8053,8018,8078,7947,7971,7986,7967
159,8097,8080,8074,8067,8069,8089,8037,7983,7986,8008
160,8141,8029,8071,8167,8044,8120,8016,8035,8078,7982
161,8166,8052,8142,8063,8082,8105,8128,8103,7976,8036
162,8192,8097,8089,8186,8057,8090,8081,8025,8031,8031
163,8223,8164,8138,8163,8114,8152,8107,8126,8111,8027
164,8195,8181,8188,8158,8099,8125,8146,8082,8140,8122
165,8224,8246,8179,8186,8207,8169,8197,8147,8123,8167
166,8251,8280,8349,8262,8196,8123,8189,8162,8180,8104
167,8279,8315,8319,8247,8219,8226,8208,8146,8152,8273
168,8368,8351,8302,8292,8320,8252,8290,8317,8252,8227
169,8388,8376,8301,8319,8290,8388,8231,8250,8239,8252
170,8336,8363,8341,8361,8341,8370,8273,8272,8308,8264
171,8412,8393,8436,8384,8337,8351,8320,8289,8287,8385
172,8432,8399,8411,8411,8350,8402,8425,8315,8313,8363
173,8417,8459,8409,8339,8369,8444,8339,8385,8303,8297
174,8401,8423,8494,8445,8418,8411,8333,8404,8384,8385
175,8452,8430,8433,8426,8468,8424,8412,8365,8319,8374
176,8480,8489,8459,8500,8418,8431,8371,8323,8398,8464
177,8547,8496,8508,8443,8452,8408,8442,8524,8502,8437
178,8599,8531,8555,8540,8472,8551,8435,8478,8484,8428
179,8593,8571,8604,8578,8566,8511,8478,8504,8535,8543
180,8635,8641,8607,8567,8570,8626,8569,8546,8610,8510
181,8705,8669,8625,8693,8652,8635,8635,8626,8595,8581
182,8754,8700,8697,8670,8633,8654,8585,8672,8671,8608
183,8697,8764,8717,8683,8691,8620,8620,8564,8613,8639
184,8686,8671,8637,8689,8659,8641,8624,8643,8617,8634
185,8730,8690,8660,8759,8745,8682,8646,8652,8621,8588
186,8746,8652,8672,8650,8600,8647,8588,8668,8569,8610
187,8679,8691,8675,8725,8689,8663,8652,8590,8649,8630
188,8769,8755,8725,8706,8743,8656,8566,8658,8571,8651
189,8737,8683,8678,8706,8667,8662,8670,8588,8646,8560
190,8695,8727,8707,8687,8696,8629,8745,8619,8655,8657
191,8798,8777,8654,8702,8743,8658,8619,8587,8719,8598
192,8717,8747,8668,8720,8729,8688,8635,8667,8694,8637
193,8833,8790,8734,8735,8738,8714,8688,8601,8685,8642
194,8788,8757,8760,8693,8755,8696,8709,8599,8675,8686
195,8783,8806,8776,8683,8739,8697,8741,8718,8714,8729
196,8792,8726,8754,8817,8702,8796,8695,8681,8703,8716
197,8778,8795,8730,8739,8731,8748,8696,8652,8665,8683
198,8782,8776,8802,8748,8759,8732,8690,8656,8688,8712
199,8817,8819,8739,8713,8730,8711,8738,8692,8774,8720
200,8759,8780,8711,8747,8837,8736,8736,8729,8677,8679
201,8771,8818,8766,8854,8792,8710,8753,8755,8735,8740
202,8784,8765,8821,8802,8807,8774,8736,8687,8701,8712
203,8830,8821,8762,8726,8779,8783,8754,8750,8725,8727
204,8807,8764,8759,8729,8772,8746,8753,8720,8694,8695
205,8739,8786,8769,8789,8718,8771,8760,8731,8644,8687
206,8740,8732,8745,8722,8754,8692,8706,8743,8660,8633
207,8741,8731,8728,8708,8671,8675,8659,8658,8666,8638
208,8709,8700,8756,8741,8672,8651,8682,8632,8627,8605
209,8679,8696,8690,8690,8694,8667,8684,8659,8569,8611
210,8708,8696,8594,8700,8654,8673,8604,8593,8615,8593
211,8679,8656,8665,8624,8638,8557,8534,8619,8507,8482
212,8676,8645,8644,8644,8585,8627,8639,8566,8550,8582
213,8581,8605,8736,8649,8656,8651,8656,8554,8586,8611
214,8689,8674,8718,8604,8627,8626,8619,8588,8611,8531
215,8722,8700,8700,8713,8636,8673,8620,8555,8591,8584
216,8707,8792,8726,8753,8716,8715,8704,8692,8676,8652
217,8806,8790,8826,8820,8799,8794,8713,8790,8728,8794
218,8846,8890,8870,8813,8819,8801,8782,8806,8785,8815
219,8860,8933,8927,8848,8887,8878,8762,8846,8870,8798
220,8912,8826,8886,8795,8851,8896,8845,8784,8869,8866
221,8887,8808,8822,8800,8788,8814,8797,8770,8766,8710
222,8887,8771,8740,8793,8751,8722,8714,8725,8827,8716
223,8754,8729,8668,8693,8626,8611,8616,8521,8663,8671
224,8634,8566,8582,8537,8484,8543,8526,8526,8533,8494
225,8437,8397,8452,8399,8467,8435,8398,8391,8317,8366
226,8299,8286,8212,8258,8224,8272,8264,8181,8240,8238
227,8223,8152,8098,8145,8143,8103,8100,8120,8031,8044
228,8069,8016,8017,7968,7975,7913,7984,8016,8003,7941
229,7890,7882,7830,7856,7764,7811,7755,7772,7821,7774
230,7756,7721,7679,7701,7738,7644,7677,7625,7650,7627
231,7624,7575,7550,7587,7551,7518,7506,7528,7457,7555
232,7427,7443,7436,7382,7388,7398,7361,7418,7330,7372
233,7298,7345,7382,7295,7286,7260,7240,7271,7238,7242
234,7272,7232,7230,7231,7238,7189,7144,7214,7223,7139
235,7117,7190,7122,7105,7121,7134,7079,7125,7076,7077
236,7114,7090,7071,7053,7062,7028,7019,7022,7021,6921
237,7011,6991,7022,6951,7044,6958,6982,6937,6922,6943
238,6965,6983,6926,6960,6906,6892,6865,6914,6889,6939
239,6958,6869,6899,6827,6873,6840,6827,6881,6825,6851
240,6864,6824,6858,6754,6819,6808,6847,6780,6807,6788
241,6849,6782,6814,6810,6839,6790,6799,6711,6742,6749
242,6771,6798,6751,6783,6729,6776,6708,6768,6766,6710
243,6743,6712,6731,6742,6759,6678,6717,6673,6672,6625
244,6725,6661,6705,6666,6650,6663,6667,6655,6648,6651
245,6625,6698,6653,6634,6637,6637,6608,6571,6628,6627
246,6673,6595,6583,6649,6603,6578,6635,6594,6560,6666
247,6655,6595,6589,6615,6582,6595,6536,6574,6559,6515
248,6595,6596,6618,6562,6533,6574,6572,6514,6603,6524
249,6584,6495,6573,6566,6548,6506,6498,6525,6512,6492
250,6524,6556,6563,6506,6507,6495,6450,6442,6480,6509
251,6516,6538,6512,6518,6558,6458,6480,6492,6446,6504
252,6514,6509,6533,6507,6495,6449,6478,6434,6485,6409
253,6535,6527,6502,6424,6478,6430,6416,6439,6412,6453
254,6608,6547,6543,6466,6532,6438,6442,6502,6408,6428
255,6523,6508,6580,6483,6488,6483,6496,6482,6484,6400
256,6546,6508,6540,6508,6437,6526,6537,6528,6412,6412
257,6546,6525,6511,6483,6483,6483,6505,6440,6451,6455
258,6463,6535,6492,6519,6494,6539,6515,6424,6420,6465
259,6522,6552,6559,6547,6527,6491,6451,6498,6454,6456
260,6578,6576,6523,6544,6514,6486,6489,6472,6515,6497
261,6589,6587,6525,6504,6484,6481,6496,6487,6527,6495
262,6523,6546,6587,6547,6550,6558,6527,6523,6474,6486
263,6627,6618,6619,6525,6568,6582,6539,6555,6550,6487
264,6614,6622,6635,6569,6563,6571,6548,6573,6559,6494
265,6646,6678,6626,6685,6565,6623,6606,6602,6582,6579
266,6662,6661,6711,6657,6684,6638,6597,6654,6622,6641
267,6710,6759,6682,6731,6725,6700,6641,6659,6664,6683
268,6795,6768,6730,6755,6716,6760,6783,6745,6680,6704
269,6788,6806,6851,6836,6773,6785,6812,6751,6741,6789
270,6798,6819,6836,6780,6823,6759,6776,6789,6772,6780
271,6847,6835,6792,6839,6801,6780,6820,6816,6763,6806
272,6853,6804,6794,6812,6763,6788,6819,6754,6681,6740
273,6825,6816,6785,6782,6779,6823,6776,6759,6765,6691
274,6768,6784,6763,6735,6776,6699,6724,6698,6690,6673
275,6785,6755,6703,6680,6693,6650,6647,6631,6613,6643
276,6605,6645,6603,6673,6621,6611,6618,6593,6611,6566
277,6575,6600,6606,6552,6556,6493,6583,6528,6463,6520
278,6547,6516,6544,6499,6472,6523,6485,6455,6444,6490
279,6503,6484,6464,6470,6463,6422,6416,6411,6383,6366
280,6470,6394,6452,6358,6406,6416,6397,6320,6369,6305
281,6401,6348,6388,6358,6366,6304,6351,6334,6248,6232
282,6358,6304,6351,6291,6227,6247,6331,6279,6317,6271
283,6336,6319,6281,6257,6227,6283,6308,6225,6218,6207
284,6312,6231,6278,6243,6249,6304,6238,6206,6169,6172
285,6278,6219,6196,6223,6158,6262,6205,6196,6165,6151
286,6175,6198,6192,6140,6152,6157,6138,6180,6120,6110
287,6190,6157,6166,6154,6137,6158,6086,6082,6056,6055
288,6135,6072,6154,6073,6140,6073,6098,6071,6047,6018
289,6129,6163,6047,6062,6103,6055,6079,6080,5985,6047
290,6070,6146,6081,6073,6051,6057,6002,6019,5960,6023
291,6066,6076,6076,6043,6043,6043,6029,5985,5975,6016
292,6046,6032,6094,5985,6006,6021,6004,5944,5943,5950
293,6065,6040,6070,5966,6007,5899,5966,5974,5968,6019
294,6034,6000,6045,5979,5949,5991,5968,5950,6003,5957
295,6031,5970,5950,6008,5960,5974,5973,5968,5907,5946
296,5992,5970,6007,5978,5902,5927,5923,5853,5967,5902
297,5995,5968,5956,5955,5910,5938,5942,5902,5891,5911
298,5997,6014,5966,5963,5892,5903,5912,5941,5929,5894
299,6004,5970,6021,6022,5964,5923,5976,5927,5925,5896
300,5992,5977,5962,5933,5944,5936,5957,5927,5963,5841
301,5956,5955,5964,5961,5923,5941,5962,5918,5892,5860
302,5962,5984,5939,5915,5932,5938,5913,5919,5903,5885
303,5959,5964,6060,5942,5951,5925,5927,5857,5879,5902
304,5982,5996,5951,5943,5907,5910,5906,5871,5955,5871
305,5904,5929,5913,5941,5971,5969,5866,5931,5918,5910
306,5953,5959,5948,5936,5927,5937,5872,5872,5917,5882
307,5905,5968,5939,5938,5963,5886,5923,5857,5911,5813
308,5968,5991,5917,5915,5959,5864,5873,5817,5880,5873
309,5963,5939,5948,5948,5956,5860,5840,5876,5889,5874
310,5948,5952,5971,5927,5919,5932,5908,5918,5863,5867
311,5928,5957,5954,5980,5916,5899,5924,5886,5861,5879
312,5907,5897,5922,5878,5959,5876,5858,5901,5801,5839
313,5975,5939,5884,5924,5935,5862,5840,5850,5842,5843
314,5965,5989,5950,5913,5915,5955,5896,5901,5849,5843
315,5923,5946,5919,5967,5954,5929,5891,5868,5881,5816
316,5926,5951,5875,5892,5865,5917,5890,5887,5831,5904
317,5915,5990,5894,5896,5912,5891,5908,5821,5898,5816
318,5916,5935,5923,5929,5876,5894,5909,5822,5891,5840
319,5942,5900,5959,5957,5895,5913,5920,5947,5872,5887
320,5973,5914,5900,5937,5978,5897,5891,5904,5882,5826
321,5941,5976,5948,5948,5954,5911,5896,5906,5891,5898
322,5935,5999,5933,5920,5938,5944,5905,5903,5938,5927
323,5993,5946,5913,5929,5934,5941,5937,5876,5946,5921
324,6009,5997,5987,5921,5958,5980,5919,5937,5895,5886
325,6022,5959,5978,5948,5920,5923,5978,5933,5937,5890
326,5996,6005,6016,5984,6010,5950,5989,5986,5931,5935
327,6030,5955,6036,6005,5946,5989,5980,5977,5919,5954
328,6059,6087,6086,6015,5980,5967,6002,5975,5994,5966
329,6035,6051,6030,6003,5949,5991,6011,5953,5932,5952
330,6041,6005,5980,5966,6007,6043,6014,5964,6016,5976
331,6044,5986,6019,5947,5987,5970,5944,5912,5895,5916
332,6023,5991,5982,5966,5952,5974,5974,5955,5948,5931
333,6023,5942,5982,5932,5934,5908,5884,5929,5876,5899
334,5978,5955,5935,5898,5935,5899,5884,5905,5879,5907
335,5970,5938,5908,5905,5922,5887,5907,5914,5854,5903
336,5966,5950,5902,5918,5926,5907,5933,5918,5809,5842
337,5971,5919,5888,5943,5841,5851,5898,5853,5901,5844
338,5945,5867,5887,5895,5890,5893,5898,5803,5861,5849
339,5916,5897,5922,5921,5911,5840,5854,5886,5815,5796
340,5904,5889,5920,5843,5848,5862,5864,5826,5839,5761
341,5834,5891,5854,5841,5806,5864,5776,5834,5818,5839
342,5875,5894,5801,5923,5835,5852,5787,5835,5823,5804
343,5838,5868,5837,5859,5834,5859,5833,5867,5802,5854
344,5863,5859,5823,5867,5843,5833,5794,5843,5775,5783
345,5906,5869,5889,5845,5828,5874,5789,5817,5784,5812
346,5900,5890,5862,5877,5857,5918,5788,5802,5782,5806
347,5920,5835,5860,5894,5837,5801,5791,5779,5795,5791
348,5917,5904,5902,5874,5862,5820,5838,5873,5851,5865
349,5865,5856,5933,5883,5912,5832,5888,5883,5855,5802
350,5941,5908,5958,5891,5942,5865,5850,5886,5853,5886
351,5953,5925,5932,5898,5923,5911,5879,5947,5864,5885
352,5968,5971,6011,5919,5907,5980,5947,5899,5901,5862
353,5982,5960,6009,5994,5928,6044,6015,5958,6004,5972
354,6000,6006,6012,5969,6017,5987,5979,5952,5974,5945
355,6021,6014,6048,6002,6051,6042,6078,5957,5992,5956
356,6113,6094,6089,6096,6009,5993,6000,5997,5952,5954
357,6048,6119,6073,6054,6046,6066,6016,6046,6047,6009
358,6103,6098,6087,6108,6061,6008,6072,6004,6034,6030
359,6130,6086,6104,6065,6059,6012,6036,6048,6035,6074
360,6112,6118,6123,6078,6124,6069,6035,6073,6058,6064
361,6185,6096,6056,6092,6111,6120,6119,6076,6034,6083
362,6171,6142,6188,6149,6121,6092,6066,6074,6030,6079
363,6145,6207,6185,6150,6115,6098,6127,6144,6042,6126
364,6159,6210,6160,6127,6168,6143,6086,6161,6102,6140
365,6141,6213,6162,6206,6171,6179,6126,6163,6182,6166
366,6207,6192,6163,6237,6190,6145,6195,6178,6153,6176
367,6231,6198,6204,6216,6221,6194,6193,6185,6170,6136
368,6266,6185,6243,6177,6200,6180,6275,6188,6194,6131
369,6294,6226,6263,6191,6216,6228,6192,6209,6232,6190
370,6218,6147,6187,6208,6180,6215,6195,6214,6212,6147
371,6258,6237,6223,6284,6180,6195,6248,6167,6102,6154
372,6274,6210,6182,6191,6145,6125,6178,6161,6085,6160
373,6219,6162,6232,6241,6160,6154,6185,6188,6120,6092
374,6180,6183,6187,6160,6169,6146,6183,6148,6117,6183
375,6225,6176,6220,6181,6190,6182,6180,6196,6140,6113
376,6151,6191,6200,6139,6133,6111,6160,6179,6108,6161
377,6218,6199,6216,6200,6205,6164,6161,6161,6158,6120
378,6236,6237,6230,6184,6212,6231,6129,6167,6117,6108
379,6285,6266,6263,6260,6186,6211,6179,6171,6180,6236
380,6342,6264,6307,6251,6286,6235,6234,6202,6302,6205
381,6339,6321,6312,6304,6298,6257,6243,6247,6212,6266
382,6404,6376,6376,6307,6346,6389,6326,6326,6359,6312
383,6466,6457,6399,6339,6421,6392,6369,6359,6350,6368
384,6443,6430,6455,6409,6416,6375,6343,6387,6381,6320
385,6427,6430,6447,6416,6425,6376,6429,6370,6409,6350
386,6414,6427,6426,6420,6386,6374,6360,6321,6374,6318
387,6398,6335,6427,6420,6407,6373,6316,6362,6333,6339
388,6367,6399,6414,6320,6291,6337,6281,6261,6282,6307
389,6326,6296,6281,6262,6318,6311,6256,6240,6237,6268
390,6351,6288,6303,6365,6371,6286,6291,6239,6238,6247
391,6333,6305,6299,6249,6245,6256,6274,6257,6222,6249
392,6273,6339,6287,6251,6223,6278,6273,6184,6218,6216
393,6267,6316,6286,6210,6228,6239,6233,6231,6214,6198
394,6252,6221,6231,6261,6203,6203,6207,6146,6162,6130
395,6182,6175,6167,6182,6199,6100,6095,6149,6122,6156
396,6176,6158,6172,6155,6160,6126,6166,6079,6130,6083
397,6131,6221,6139,6095,6106,6093,6139,6035,6121,6038
398,6190,6160,6164,6153,6073,6115,6070,6150,6070,6057
399,6137,6149,6088,6103,6083,6095,6042,6094,6039,6070
400,6133,6103,6105,6075,6022,6054,6062,6070,6049,6004
401,6064,5994,6040,6030,6040,5963,5981,6010,5998,5900
402,5951,5948,5996,5867,5975,5914,5887,5950,5905,5968
403,5909,5899,5891,5895,5855,5890,5903,5895,5929,5840
404,5901,5904,5880,5875,5860,5786,5792,5819,5815,5845
405,5859,5891,5894,5840,5807,5801,5786,5743,5760,5739
406,5871,5834,5804,5795,5805,5862,5828,5787,5770,5778
407,5867,5901,5831,5838,5783,5824,5829,5814,5784,5769
408,5858,5850,5864,5823,5874,5792,5851,5793,5802,5784
409,5813,5865,5765,5842,5831,5789,5745,5744,5782,5819
410,5815,5846,5833,5830,5814,5810,5778,5858,5780,5765
411,5844,5772,5817,5798,5781,5798,5748,5714,5742,5648
412,5719,5788,5745,5724,5731,5671,5654,5716,5718,5686
413,5744,5766,5678,5794,5732,5739,5696,5706,5718,5742
414,5779,5780,5745,5782,5748,5718,5672,5733,5755,5711
415,5762,5774,5743,5758,5700,5752,5687,5709,5724,5732
416,5824,5790,5745,5754,5705,5736,5720,5680,5692,5700
417,5774,5783,5746,5740,5694,5771,5683,5691,5688,5674
418,5702,5745,5658,5723,5695,5622,5636,5621,5677,5648
419,5704,5703,5746,5676,5603,5648,5607,5564,5613,5627
420,5674,5577,5633,5627,5576,5543,5598,5610,5554,5561
421,5619,5619,5589,5590,5609,5558,5573,5533,5482,5505
422,5578,5520,5577,5547,5527,5523,5478,5491,5510,5481
423,5512,5505,5512,5467,5518,5504,5495,5466,5492,5459
424,5471,5446,5463,5457,5483,5516,5450,5432,5458,5416
425,5463,5428,5447,5414,5506,5399,5382,5387,5387,5367
426,5465,5412,5371,5411,5396,5355,5398,5360,5381,5403
427,5439,5442,5379,5385,5373,5360,5325,5350,5332,5284
428,5383,5354,5362,5370,5310,5338,5311,5314,5295,5335
429,5390,5350,5358,5333,5326,5357,5312,5286,5359,5350
430,5343,5379,5343,5298,5307,5328,5274,5323,5306,5270
431,5395,5330,5354,5378,5286,5306,5354,5247,5313,5257
432,5372,5327,5333,5362,5305,5282,5312,5275,5300,5319
433,5322,5351,5368,5311,5342,5329,5313,5278,5323,5269
434,5364,5320,5335,5293,5271,5315,5262,5260,5263,5264
435,5295,5341,5344,5307,5313,5273,5279,5283,5292,5257
436,5287,5294,5343,5290,5279,5293,5271,5286,5246,5238
437,5254,5309,5316,5271,5265,5229,5275,5212,5202,5301
438,5346,5326,5270,5280,5312,5286,5308,5246,5286,5261
439,5278,5242,5283,5253,5315,5263,5266,5241,5226,5223
440,5339,5303,5230,5237,5225,5248,5247,5205,5209,5184
441,5255,5275,5298,5215,5205,5258,5250,5213,5225,5235
442,5248,5214,5262,5269,5307,5264,5246,5253,5247,5203
443,5276,5246,5236,5270,5257,5235,5178,5274,5174,5216
444,5240,5249,5298,5259,5220,5257,5252,5238,5221,5247
445,5281,5255,5315,5264,5310,5256,5227,5243,5187,5206
446,5323,5311,5323,5271,5306,5292,5271,5274,5276,5217
447,5360,5308,5377,5267,5296,5328,5278,5310,5299,5276
448,5433,5363,5352,5334,5330,5308,5268,5347,5323,5298
449,5404,5416,5385,5338,5394,5363,5300,5382,5325,5318
450,5443,5408,5347,5382,5396,5367,5347,5343,5362,5314
451,5390,5316,5356,5346,5383,5376,5367,5311,5319,5316
452,5337,5311,5320,5335,5356,5277,5283,5296,5315,5251
453,5259,5328,5226,5195,5283,5244,5243,5239,5292,5216
454,5188,5262,5184,5191,5222,5200,5166,5219,5172,5115
455,5162,5132,5170,5142,5115,5134,5075,5108,5143,5095
456,5097,5080,5115,5111,5090,5099,5057,5075,5102,5079
457,5084,5120,5071,5071,5056,5071,5026,5075,5080,5094
458,5089,5055,5072,5075,5078,5012,5067,5027,5031,5072
459,5086,5055,5074,5080,5052,5035,5022,5027,4984,5038
460,5073,5057,5056,5112,5027,5023,5072,5036,5013,5003
461,5090,5085,5042,5013,5084,5016,5055,5040,5034,5014
462,5135,5045,5088,5006,5066,5078,5064,5017,5005,5025
463,5119,5056,5162,5021,5030,5064,5111,5009,4999,5066
464,5103,5089,5102,5028,5056,5072,5125,5074,5045,5033
465,5104,5150,5144,5127,5032,5099,5047,5085,5055,5057
466,5127,5129,5104,5127,5113,5100,5121,5068,5086,5090
467,5161,5123,5090,5129,5147,5065,5116,5070,5062,5131
468,5121,5177,5141,5129,5122,5123,5161,5123,5136,5130
469,5191,5198,5145,5198,5144,5112,5170,5135,5150,5124
470,5224,5203,5214,5191,5237,5164,5142,5130,5181,5152
471,5211,5226,5213,5196,5209,5184,5168,5205,5160,5178
472,5311,5234,5230,5225,5215,5270,5192,5215,5147,5240
473,5264,5227,5268,5225,5211,5231,5169,5171,5214,5187
474,5255,5296,5268,5248,5221,5249,5236,5224,5184,5134
475,5305,5279,5299,5280,5227,5266,5194,5223,5195,5192
476,5292,5235,5274,5229,5231,5210,5207,5191,5243,5200
477,5262,5243,5228,5213,5210,5245,5212,5181,5182,5206
478,5264,5203,5282,5255,5248,5236,5183,5203,5199,5252
479,5246,5224,5235,5183,5181,5198,5155,5183,5219,5187
480,5242,5250,5236,5244,5246,5236,5209,5241,5161,5154
481,5250,5283,5210,5252,5202,5219,5181,5223,5166,5172
482,5288,5284,5200,5293,5209,5190,5209,5206,5195,5167
483,5239,5262,5258,5237,5234,5189,5233,5212,5159,5167
484,5270,5309,5271,5235,5235,5219,5242,5225,5175,5179
485,5266,5263,5267,5268,5242,5211,5231,5222,5206,5211
486,5239,5242,5221,5215,5212,5153,5201,5212,5211,5195
487,5275,5267,5246,5244,5260,5232,5227,5217,5212,5233
488,5275,5253,5269,5228,5239,5243,5198,5216,5190,5179
489,5287,5267,5252,5252,5223,5233,5240,5244,5200,5179
490,5278,5250,5258,5237,5257,5227,5279,5242,5217,5217
491,5286,5286,5242,5235,5288,5226,5193,5322,5206,5248
492,5318,5323,5305,5293,5292,5295,5266,5217,5256,5250
493,5337,5365,5264,5286,5299,5286,5210,5302,5273,5224
494,5410,5379,5416,5335,5382,5336,5338,5301,5312,5328
495,5444,5434,5462,5427,5390,5414,5381,5447,5419,5430
496,5538,5533,5486,5534,5502,5502,5519,5488,5461,5479
497,5590,5612,5584,5535,5619,5552,5545,5581,5534,5529
498,5691,5610,5681,5655,5627,5662,5654,5593,5618,5542
499,5659,5624,5635,5656,5696,5596,5612,5601,5610,5636
500,5583,5632,5617,5619,5586,5617,5591,5571,5582,5622
501,5559,5644,5552,5552,5576,5552,5575,5523,5571,5518
502,5612,5576,5541,5596,5545,5581,5553,5560,5550,5538
503,5641,5668,5619,5594,5602,5635,5552,5558,5616,5529
504,5698,5708,5691,5657,5664,5675,5650,5568,5590,5658
505,5758,5753,5730,5752,5728,5671,5722,5658,5628,5692
506,5780,5800,5765,5816,5780,5747,5724,5728,5676,5710
507,5803,5788,5762,5760,5785,5786,5735,5758,5759,5711
508,5759,5815,5756,5803,5788,5780,5740,5727,5753,5673
509,5789,5734,5714,5759,5762,5713,5689,5689,5670,5689
510,5747,5681,5691,5692,5671,5673,5644,5648,5623,5584
511,5585,5588,5594,5552,5569,5481,5598,5547,5564,5494
512,5489,5470,5500,5488,5467,5436,5450,5462,5439,5408
513,5382,5302,5388,5325,5310,5334,5350,5303,5304,5284
514,5264,5150,5229,5199,5196,5186,5180,5199,5178,5124
515,5116,5057,5098,5110,5050,5065,5079,5057,5013,5025
516,4930,4944,4958,4956,4976,4963,4913,4931,4931,4927
517,4899,4833,4871,4846,4833,4892,4876,4855,4848,4861
518,4776,4798,4827,4734,4790,4820,4754,4760,4758,4803
519,4755,4737,4749,4726,4750,4731,4716,4662,4727,4716
520,4703,4672,4730,4696,4722,4694,4679,4693,4670,4628
521,4718,4749,4663,4667,4733,4691,4673,4649,4698,4622
522,4703,4704,4668,4746,4716,4656,4659,4696,4675,4696
523,4751,4759,4747,4717,4740,4690,4758,4727,4743,4662
524,4823,4803,4776,4817,4823,4725,4776,4774,4745,4726
525,4843,4799,4799,4844,4761,4792,4828,4778,4774,4742
526,4865,4829,4857,4871,4775,4806,4816,4806,4769,4775
527,4903,4842,4870,4822,4827,4826,4876,4846,4826,4778
528,4798,4806,4819,4819,4787,4787,4777,4807,4777,4782
529,4764,4772,4761,4736,4716,4748,4726,4778,4730,4744
530,4758,4735,4716,4705,4722,4676,4666,4733,4742,4727
531,4632,4638,4640,4625,4629,4593,4577,4630,4615,4571
532,4611,4602,4585,4540,4567,4526,4524,4515,4554,4567
533,4552,4543,4468,4465,4510,4483,4536,4467,4471,4496
534,4502,4473,4474,4488,4468,4441,4455,4483,4462,4423
535,4516,4420,4435,4460,4466,4440,4482,4435,4421,4444
536,4406,4481,4436,4438,4428,4399,4451,4430,4438,4448
537,4415,4446,4430,4419,4427,4476,4395,4429,4389,4387
538,4459,4443,4447,4415,4423,4447,4413,4418,4424,4406
539,4437,4487,4411,4424,4436,4407,4415,4415,4407,4395
540,4473,4419,4384,4430,4424,4408,4377,4423,4391,4373
541,4462,4438,4412,4411,4400,4405,4330,4370,4383,4382
542,4393,4432,4397,4432,4378,4415,4347,4387,4352,4379
543,4404,4428,4422,4393,4367,4313,4381,4354,4405,4354
544,4378,4371,4374,4331,4381,4373,4346,4328,4379,4348
545,4355,4424,4358,4377,4360,4367,4370,4366,4347,4349
546,4416,4357,4361,4366,4338,4344,4350,4325,4364,4353
547,4371,4381,4343,4379,4385,4367,4322,4339,4317,4283
548,4384,4385,4336,4318,4384,4349,4353,4369,4323,4334
549,4341,4401,4359,4388,4363,4361,4289,4315,4327,4364
550,4399,4371,4393,4357,4371,4329,4310,4294,4352,4354
551,4388,4391,4392,4330,4355,4369,4327,4337,4302,4303
552,4379,4366,4379,4361,4371,4335,4345,4312,4353,4305
553,4349,4368,4362,4351,4383,4355,4330,4374,4323,4317
554,4383,4435,4368,4378,4343,4354,4296,4366,4332,4351
555,4419,4380,4394,4392,4362,4369,4385,4344,4348,4376
556,4398,4426,4358,4387,4384,4389,4355,4348,4361,4321
557,4412,4407,4420,4356,4377,4357,4388,4370,4383,4353
558,4347,4364,4342,4361,4419,4356,4352,4311,4351,4344
559,4338,4402,4371,4346,4324,4312,4343,4329,4315,4314
560,4347,4411,4358,4356,4368,4325,4330,4305,4327,4317
561,4356,4392,4351,4330,4293,4322,4350,4304,4283,4312
562,4311,4295,4319,4303,4353,4312,4339,4339,4329,4329
563,4378,4365,4319,4331,4339,4260,4304,4278,4312,4254
564,4319,4312,4336,4306,4305,4284,4282,4266,4321,4264
565,4355,4327,4317,4299,4268,4251,4286,4263,4272,4313
566,4313,4354,4297,4304,4330,4252,4324,4274,4313,4283
567,4343,4298,4294,4330,4277,4266,4244,4291,4315,4269
568,4342,4333,4335,4326,4310,4306,4274,4287,4280,4294
569,4391,4327,4311,4299,4347,4335,4345,4288,4268,4336
570,4384,4304,4333,4289,4323,4319,4313,4264,4240,4299
571,4351,4288,4299,4333,4277,4288,4327,4271,4255,4257
572,4289,4302,4291,4315,4276,4284,4264,4276,4276,4254
573,4313,4353,4255,4315,4282,4305,4256,4280,4270,4285
574,4306,4322,4287,4286,4279,4278,4258,4287,4255,4266
575,4284,4317,4315,4287,4266,4291,4276,4234,4271,4227
576,4303,4326,4272,4269,4289,4247,4263,4298,4269,4247
577,4254,4300,4273,4274,4241,4240,4201,4296,4262,4235
578,4290,4290,4294,4282,4276,4222,4246,4236,4278,4233
579,4290,4218,4298,4251,4266,4273,4235,4244,4201,4259
580,4237,4266,4263,4283,4267,4204,4234,4211,4194,4215
581,4243,4290,4270,4218,4244,4239,4218,4180,4181,4201
582,4262,4278,4288,4246,4239,4223,4225,4236,4211,4242
583,4288,4243,4287,4211,4239,4216,4172,4227,4233,4209
584,4280,4258,4246,4239,4242,4272,4222,4223,4247,4239
585,4284,4287,4304,4240,4247,4262,4217,4216,4219,4246
586,4294,4299,4242,4289,4277,4172,4255,4242,4230,4216
587,4301,4317,4276,4289,4266,4278,4252,4254,4258,4226
588,4302,4272,4269,4255,4294,4304,4251,4236,4231,4270
589,4286,4305,4316,4273,4283,4262,4307,4220,4308,4247
590,4284,4311,4292,4318,4248,4285,4247,4236,4249,4227
591,4378,4307,4280,4289,4279,4310,4274,4282,4240,4270
592,4316,4300,4296,4305,4325,4301,4272,4252,4300,4290
593,4350,4330,4350,4308,4287,4326,4283,4282,4340,4276
594,4344,4368,4376,4295,4324,4361,4283,4347,4327,4335
595,4429,4375,4351,4330,4383,4355,4355,4391,4357,4370
596,4395,4452,4396,4412,4360,4434,4374,4368,4346,4420
597,4419,4451,4444,4439,4395,4382,4411,4400,4362,4384
598,4471,4463,4476,4452,4493,4432,4423,4432,4430,4386
599,4535,4483,4530,4489,4542,4495,4446,4486,4455,4400
600,4570,4547,4540,4567,4523,4540,4497,4518,4509,4501
601,4583,4611,4600,4614,4573,4582,4587,4595,4545,4516
602,4723,4631,4651,4671,4674,4651,4654,4587,4576,4686
603,4684,4717,4703,4716,4665,4687,4712,4655,4690,4641
604,4778,4781,4714,4750,4721,4717,4688,4801,4726,4695
605,4792,4771,4758,4737,4767,4727,4777,4766,4733,4725
606,4806,4771,4811,4797,4808,4776,4778,4761,4787,4752
607,4781,4811,4800,4753,4771,4801,4763,4765,4717,4759
608,4757,4802,4757,4847,4793,4765,4783,4789,4732,4756
609,4782,4753,4835,4784,4819,4770,4744,4747,4734,4740
610,4788,4807,4794,4766,4731,4732,4727,4733,4722,4716
611,4740,4727,4747,4707,4713,4709,4683,4670,4657,4658
612,4688,4714,4711,4668,4690,4664,4651,4672,4681,4622
613,4655,4662,4643,4649,4622,4643,4593,4570,4622,4628
614,4568,4600,4623,4613,4574,4606,4587,4557,4587,4576
615,4606,4570,4591,4544,4543,4507,4523,4530,4588,4515
616,4583,4582,4530,4516,4533,4543,4522,4479,4538,4491
617,4561,4583,4567,4545,4483,4519,4535,4532,4512,4465
618,4566,4578,4541,4556,4516,4533,4542,4498,4523,4475
619,4562,4591,4598,4535,4560,4566,4528,4566,4569,4542
620,4650,4580,4599,4592,4598,4555,4567,4554,4559,4596
621,4726,4663,4693,4713,4689,4634,4659,4649,4620,4617
622,4771,4771,4737,4782,4771,4753,4732,4712,4715,4703
623,4919,4924,4865,4876,4912,4883,4787,4812,4818,4793
624,5044,5070,5055,5041,5023,5035,4967,5027,4982,5017
625,5180,5174,5207,5081,5131,5185,5132,5158,5147,5140
626,5344,5324,5269,5279,5300,5313,5270,5278,5248,5197
627,5383,5382,5346,5367,5319,5347,5306,5294,5333,5303
628,5418,5398,5425,5374,5379,5376,5356,5351,5309,5254
629,5354,5349,5339,5293,5291,5285,5217,5222,5235,5262
630,5212,5215,5179,5230,5181,5220,5186,5131,5196,5141
631,5085,5083,5057,5047,5071,5038,5037,5000,5046,5011
632,4970,4933,4937,4905,4896,4947,4887,4838,4977,4859
633,4842,4846,4827,4802,4766,4801,4764,4762,4789,4776
634,4699,4712,4679,4694,4624,4643,4631,4687,4655,4648
635,4572,4634,4560,4558,4531,4579,4568,4572,4556,4582
636,4517,4486,4480,4466,4446,4463,4499,4446,4482,4422
637,4432,4433,4413,4397,4389,4416,4421,4394,4400,4386
638,4355,4322,4331,4372,4373,4311,4330,4358,4278,4283
639,4329,4290,4263,4262,4323,4288,4270,4266,4239,4224
640,4273,4272,4280,4201,4258,4216,4235,4225,4237,4211
641,4209,4186,4169,4157,4179,4209,4191,4194,4183,4144
642,4158,4105,4157,4097,4093,4099,4103,4099,4059,4110
643,4104,4097,4048,4066,4064,4047,4019,4019,4023,4038
644,4011,4003,4000,4011,4016,4020,3988,3942,3962,3954
645,3988,3973,4003,3957,3960,3940,3978,3922,3914,3922
646,3936,3882,3921,3886,3895,3922,3900,3924,3877,3879
647,3864,3886,3886,3875,3854,3852,3858,3839,3841,3841
648,3858,3825,3827,3873,3839,3833,3834,3854,3812,3798
649,3868,3878,3860,3824,3844,3821,3818,3760,3839,3791
650,3821,3847,3792,3800,3792,3785,3795,3786,3784,3789
651,3832,3808,3787,3828,3771,3815,3770,3790,3788,3785
652,3834,3794,3785,3790,3780,3825,3746,3783,3772,3758
653,3760,3760,3806,3777,3792,3767,3766,3771,3787,3745
654,3778,3824,3798,3798,3772,3715,3768,3764,3746,3759
655,3774,3795,3783,3775,3778,3766,3746,3688,3737,3768
656,3709,3766,3758,3768,3775,3712,3747,3718,3742,3715
657,3765,3738,3724,3749,3711,3750,3714,3732,3720,3647
658,3754,3740,3767,3692,3713,3715,3664,3724,3679,3694
659,3734,3693,3707,3687,3654,3727,3698,3651,3699,3672
660,3677,3719,3692,3742,3725,3698,3692,3691,3687,3682
661,3700,3674,3692,3711,3676,3727,3664,3650,3667,3671
662,3716,3698,3704,3679,3677,3665,3705,3671,3670,3653
663,3695,3700,3663,3678,3687,3676,3703,3663,3646,3643
664,3713,3694,3698,3693,3696,3683,3661,3691,3678,3651
665,3704,3724,3691,3675,3708,3711,3655,3624,3664,3664
666,3657,3667,3638,3671,3660,3715,3700,3629,3676,3643
667,3654,3655,3646,3698,3667,3656,3628,3642,3629,3668
668,3713,3624,3673,3629,3653,3644,3615,3639,3604,3640
669,3625,3652,3682,3646,3591,3659,3618,3593,3600,3613
670,3625,3602,3602,3583,3615,3555,3590,3592,3566,3591
671,3553,3611,3603,3569,3561,3581,3549,3554,3602,3574
672,3546,3594,3549,3566,3547,3548,3590,3526,3571,3577
673,3557,3543,3552,3551,3566,3522,3515,3552,3498,3544
674,3534,3538,3568,3515,3520,3515,3516,3531,3524,3508
675,3522,3522,3522,3509,3557,3507,3499,3506,3454,3458
676,3541,3532,3548,3491,3504,3485,3475,3499,3470,3490
677,3530,3514,3507,3514,3526,3505,3509,3513,3475,3476
678,3551,3512,3516,3501,3481,3489,3434,3478,3467,3491
679,3524,3535,3450,3520,3521,3509,3504,3482,3470,3473
680,3532,3501,3478,3487,3530,3496,3463,3487,3452,3467
681,3549,3528,3495,3514,3500,3468,3474,3483,3484,3518
682,3535,3536,3506,3488,3486,3479,3495,3488,3508,3490
683,3509,3502,3476,3514,3518,3541,3481,3510,3494,3485
684,3536,3505,3547,3561,3528,3545,3583,3562,3519,3504
685,3595,3563,3571,3579,3567,3581,3587,3514,3573,3573
686,3595,3599,3592,3555,3595,3591,3589,3607,3560,3563
687,3628,3632,3633,3586,3633,3631,3635,3632,3629,3607
688,3629,3672,3626,3659,3653,3660,3661,3649,3672,3625
689,3645,3673,3680,3684,3686,3659,3685,3678,3666,3649
690,3751,3700,3696,3671,3702,3703,3748,3675,3630,3681
691,3738,3691,3719,3708,3651,3731,3686,3694,3737,3698
692,3765,3703,3771,3715,3710,3704,3689,3738,3740,3656
693,3760,3725,3776,3746,3788,3704,3741,3742,3695,3742
694,3712,3751,3729,3754,3758,3735,3717,3739,3725,3697
695,3806,3730,3749,3734,3750,3711,3750,3712,3723,3699
696,3758,3749,3734,3729,3741,3722,3744,3715,3713,3715
697,3795,3761,3735,3745,3767,3725,3737,3786,3751,3739
698,3792,3810,3778,3830,3802,3756,3792,3780,3763,3747
699,3841,3852,3881,3891,3848,3861,3821,3891,3861,3833
700,4009,3978,3958,3960,3921,3952,3964,3925,3948,3915
701,4084,4142,4110,4107,4102,4106,4047,4045,4085,4067
702,4340,4335,4319,4297,4286,4300,4284,4327,4288,4297
703,4583,4574,4598,4562,4544,4513,4517,4555,4517,4538
704,4829,4802,4809,4797,4815,4766,4829,4795,4792,4782
705,5089,5086,5120,5049,5117,5083,5072,5035,5018,4994
706,5289,5316,5290,5334,5227,5220,5228,5215,5185,5223
707,5405,5412,5364,5393,5361,5384,5367,5349,5387,5316
708,5452,5495,5526,5428,5383,5449,5386,5408,5426,5399
709,5476,5440,5442,5419,5380,5388,5390,5364,5367,5366
710,5311,5381,5298,5342,5250,5354,5339,5282,5310,5266
711,5266,5206,5215,5254,5245,5164,5195,5195,5172,5210
712,5136,5138,5080,5117,5052,5046,5047,5075,5027,5038
713,4991,4990,4959,5004,4967,4924,4957,4959,4914,4909
714,4854,4803,4838,4802,4831,4853,4835,4830,4825,4802
715,4739,4751,4779,4800,4770,4704,4721,4733,4724,4767
716,4714,4742,4694,4693,4735,4648,4667,4675,4627,4649
717,4626,4664,4604,4581,4607,4596,4623,4576,4625,4571
718,4534,4586,4538,4499,4526,4503,4502,4490,4487,4514
719,4485,4456,4438,4417,4458,4420,4435,4438,4399,4432
720,4367,4338,4352,4314,4292,4306,4320,4310,4312,4311
721,4218,4223,4223,4218,4204,4219,4202,4183,4198,4202
722,4140,4134,4128,4094,4105,4096,4080,4084,4122,4066
723,4050,4056,3982,3963,4010,3980,3997,3996,3970,3937
724,3880,3865,3899,3875,3843,3904,3886,3855,3872,3846
725,3795,3795,3786,3798,3789,3737,3781,3785,3725,3739
726,3708,3667,3691,3690,3628,3694,3692,3687,3653,3668
727,3633,3595,3601,3582,3591,3587,3597,3558,3582,3570
728,3507,3533,3506,3495,3482,3525,3509,3529,3509,3523
729,3447,3471,3447,3451,3436,3428,3416,3454,3432,3422
730,3402,3419,3363,3408,3372,3345,3355,3384,3375,3388
731,3371,3318,3375,3360,3329,3333,3339,3308,3338,3315
732,3328,3340,3333,3239,3259,3248,3271,3279,3288,3283
733,3270,3279,3233,3270,3244,3267,3263,3219,3226,3257
734,3238,3201,3228,3207,3230,3252,3223,3235,3212,3217
735,3180,3186,3214,3163,3174,3186,3186,3190,3183,3199
736,3169,3142,3116,3177,3150,3182,3136,3147,3184,3147
737,3162,3121,3171,3143,3137,3145,3139,3098,3169,3130
738,3126,3122,3141,3152,3105,3110,3141,3119,3096,3138
739,3112,3100,3119,3100,3159,3100,3107,3091,3141,3119
740,3143,3107,3081,3096,3099,3070,3081,3052,3096,3083
741,3083,3073,3101,3062,3084,3064,3053,3032,3046,3088
742,3079,3086,3097,3067,3043,3016,3068,3092,3083,3004
743,3031,3067,3063,3030,3054,3046,3037,3056,3024,3019
744,3061,3066,3036,3031,3030,3016,3011,3054,3007,3027
745,3038,3015,3026,3008,2985,2994,3004,2999,2981,2985
746,2995,3027,3018,3014,3004,3006,3003,2995,2966,3006
747,3031,3022,2987,3011,2982,2961,2977,2974,2981,2979
748,2990,2983,2990,2951,2968,2968,2992,2954,2974,2944
749,2972,3000,2965,2946,2966,2971,2929,2973,2951,2936
750,2968,2969,2976,2949,2957,2968,2944,2929,2943,2969
751,3007,2914,2918,2957,2920,2932,2928,2948,2965,2911
752,2916,2967,2961,2938,2962,2896,2912,2910,2921,2928
753,2940,2957,2934,2915,2948,2914,2915,2942,2932,2902
754,2940,2926,2894,2915,2909,2903,2926,2910,2918,2918
755,2922,2892,2933,2864,2888,2899,2897,2889,2919,2901
756,2876,2872,2916,2883,2898,2876,2883,2884,2854,2869
757,2911,2887,2883,2903,2910,2868,2887,2863,2891,2890
758,2883,2895,2883,2851,2902,2857,2849,2879,2885,2847
759,2855,2915,2854,2876,2835,2887,2888,2873,2833,2866
760,2889,2858,2866,2882,2882,2851,2856,2836,2825,2871
761,2869,2857,2851,2850,2830,2839,2843,2855,2834,2841
762,2863,2848,2817,2876,2814,2839,2831,2830,2806,2827
763,2856,2850,2835,2814,2838,2851,2786,2810,2815,2830
764,2827,2848,2823,2835,2832,2788,2830,2845,2832,2774
765,2849,2850,2848,2850,2808,2827,2814,2797,2796,2811
766,2828,2828,2815,2818,2804,2820,2801,2790,2800,2791
767,2814,2843,2815,2824,2811,2822,2805,2808,2802,2789
768,2761,2817,2794,2778,2778,2787,2760,2806,2757,2758
769,2789,2799,2796,2809,2777,2797,2762,2784,2771,2768
770,2778,2796,2785,2767,2762,2784,2771,2762,2794,2763
771,2803,2744,2796,2753,2754,2766,2753,2769,2750,2731
772,2767,2780,2760,2749,2779,2760,2738,2753,2748,2738
773,2787,2764,2761,2741,2771,2759,2754,2744,2724,2750
774,2769,2749,2748,2755,2775,2759,2758,2744,2752,2734
775,2747,2737,2766,2757,2720,2734,2701,2742,2718,2753
776,2702,2750,2752,2716,2713,2744,2710,2717,2729,2750
777,2706,2759,2736,2730,2725,2721,2742,2702,2717,2691
778,2778,2726,2755,2717,2707,2689,2725,2726,2715,2742
779,2710,2709,2751,2767,2686,2719,2742,2719,2719,2723
780,2724,2704,2738,2724,2687,2731,2703,2747,2679,2707
781,2685,2708,2719,2705,2704,2710,2692,2680,2687,2682
782,2715,2687,2700,2691,2667,2674,2715,2705,2681,2681
783,2676,2639,2676,2687,2668,2686,2696,2698,2676,2717
784,2684,2694,2675,2684,2669,2663,2663,2643,2676,2668
785,2660,2650,2674,2697,2685,2649,2676,2655,2672,2614
786,2651,2680,2660,2664,2656,2663,2652,2640,2653,2617
787,2663,2642,2678,2670,2641,2627,2648,2646,2639,2639
788,2654,2670,2646,2639,2636,2619,2655,2657,2635,2612
789,2667,2674,2671,2639,2677,2646,2622,2637,2637,2604
790,2683,2641,2622,2631,2630,2609,2628,2631,2623,2611
791,2668,2649,2631,2613,2631,2589,2626,2630,2627,2615
792,2610,2665,2650,2627,2623,2632,2639,2596,2613,2597
793,2612,2623,2608,2652,2642,2619,2620,2628,2607,2603
794,2623,2627,2630,2616,2598,2611,2588,2631,2602,2627
795,2597,2606,2623,2593,2592,2602,2596,2597,2587,2594
796,2603,2573,2597,2598,2584,2579,2604,2577,2612,2593
797,2605,2603,2598,2562,2582,2599,2583,2580,2599,2559
798,2608,2616,2585,2578,2577,2596,2606,2570,2570,2570
799,2549,2571,2601,2608,2598,2572,2600,2615,2590,2558
800,2574,2586,2570,2569,2571,2546,2560,2557,2577,2553
801,2572,2556,2585,2597,2523,2560,2557,2563,2577,2578
802,2560,2556,2566,2558,2593,2572,2531,2566,2550,2542
803,2536,2550,2582,2523,2555,2576,2560,2531,2591,2517
804,2542,2526,2550,2541,2528,2509,2540,2526,2511,2542
805,2536,2518,2511,2538,2531,2535,2509,2514,2557,2538
806,2540,2514,2518,2519,2531,2528,2522,2527,2530,2544
807,2507,2552,2536,2529,2511,2523,2513,2547,2558,2503
808,2515,2511,2539,2525,2521,2538,2519,2511,2513,2495
809,2547,2529,2510,2508,2521,2531,2513,2507,2482,2495
810,2537,2507,2481,2496,2515,2523,2501,2521,2477,2481
811,2512,2489,2498,2498,2506,2530,2505,2503,2480,2474
812,2515,2518,2502,2488,2503,2498,2513,2526,2510,2473
813,2523,2494,2499,2508,2467,2486,2471,2489,2494,2486
814,2528,2486,2502,2500,2515,2454,2492,2473,2463,2487
815,2521,2496,2508,2496,2511,2490,2519,2510,2499,2488
816,2475,2482,2479,2495,2478,2459,2490,2465,2471,2485
817,2479,2484,2507,2496,2471,2453,2495,2495,2473,2461
818,2490,2495,2497,2465,2486,2474,2467,2483,2473,2478
819,2491,2519,2476,2495,2473,2472,2476,2453,2442,2464
820,2503,2464,2487,2493,2453,2441,2460,2466,2462,2439
821,2502,2495,2474,2448,2502,2488,2456,2490,2511,2457
822,2480,2466,2487,2439,2470,2446,2466,2484,2444,2464
823,2478,2473,2486,2469,2455,2446,2467,2445,2485,2463
824,2469,2479,2475,2450,2472,2475,2440,2457,2431,2423
825,2488,2471,2462,2476,2457,2475,2468,2468,2431,2418
826,2465,2448,2462,2477,2433,2446,2441,2425,2460,2463
827,2468,2491,2446,2457,2443,2467,2456,2460,2464,2462
828,2441,2439,2455,2456,2446,2477,2473,2451,2449,2459
829,2472,2425,2476,2456,2465,2464,2464,2438,2469,2487
830,2501,2462,2488,2465,2466,2470,2487,2463,2496,2473
831,2495,2501,2485,2494,2491,2519,2498,2523,2494,2511
832,2541,2504,2528,2543,2507,2486,2508,2481,2488,2497
833,2524,2539,2543,2523,2547,2516,2537,2516,2542,2503
834,2579,2599,2581,2592,2611,2586,2549,2579,2563,2571
835,2627,2644,2623,2659,2627,2638,2598,2634,2608,2622
836,2733,2736,2691,2694,2702,2682,2741,2695,2691,2695
837,2837,2842,2798,2798,2821,2793,2790,2791,2790,2771
838,2932,2928,2944,2946,2894,2918,2934,2911,2906,2900
839,3059,3067,3050,3044,3026,3034,3029,3023,3041,2978
840,3135,3155,3166,3199,3151,3140,3127,3175,3095,3113
841,3276,3259,3242,3237,3227,3224,3220,3219,3240,3235
842,3339,3292,3291,3303,3286,3280,3342,3272,3289,3258
843,3314,3323,3316,3303,3288,3341,3290,3282,3292,3296
844,3311,3244,3249,3276,3239,3255,3243,3224,3239,3262
845,3157,3151,3169,3185,3164,3167,3110,3137,3165,3159
846,3032,3046,3044,3054,3034,3031,2994,3039,3022,3010
847,2906,2890,2938,2900,2915,2912,2908,2891,2899,2876
848,2791,2753,2784,2765,2759,2802,2754,2755,2764,2759
849,2663,2684,2673,2663,2663,2636,2667,2649,2647,2655
850,2581,2587,2573,2571,2554,2523,2563,2582,2553,2571
851,2543,2526,2491,2492,2479,2448,2489,2478,2464,2498
852,2456,2445,2422,2439,2448,2478,2450,2423,2436,2418
853,2410,2392,2396,2397,2409,2407,2418,2391,2374,2409
854,2395,2373,2374,2355,2362,2353,2343,2343,2379,2363
855,2356,2372,2354,2330,2333,2324,2356,2355,2336,2335
856,2315,2307,2342,2309,2290,2285,2303,2294,2302,2318
857,2315,2322,2292,2313,2261,2298,2281,2261,2273,2281
858,2259,2284,2267,2268,2286,2250,2276,2247,2270,2269
859,2276,2279,2274,2252,2286,2249,2270,2280,2240,2209
860,2248,2244,2251,2257,2233,2228,2267,2256,2213,2233
861,2253,2223,2249,2243,2238,2224,2226,2218,2227,2207
862,2206,2241,2222,2217,2224,2237,2210,2189,2219,2195
863,2226,2211,2177,2213,2223,2216,2187,2207,2189,2198
864,2213,2194,2222,2232,2199,2192,2190,2206,2182,2179
865,2211,2213,2203,2192,2191,2181,2195,2193,2198,2184
866,2179,2194,2213,2173,2192,2185,2168,2179,2167,2188
867,2167,2186,2191,2196,2175,2184,2203,2192,2167,2187
868,2166,2181,2154,2150,2172,2152,2150,2174,2154,2155
869,2135,2162,2169,2139,2151,2147,2137,2124,2174,2149
870,2143,2146,2165,2160,2133,2133,2150,2117,2131,2137
871,2176,2135,2135,2155,2144,2120,2151,2137,2143,2131
872,2120,2155,2138,2140,2133,2165,2146,2141,2145,2124
873,2133,2158,2111,2135,2119,2126,2142,2128,2124,2103
874,2133,2122,2133,2120,2125,2114,2132,2100,2125,2106
875,2119,2138,2100,2108,2121,2102,2089,2113,2111,2118
876,2129,2095,2111,2102,2110,2105,2105,2126,2099,2092
877,2135,2118,2133,2110,2113,2106,2132,2069,2087,2108
878,2129,2084,2083,2095,2099,2103,2075,2086,2102,2075
879,2089,2101,2085,2103,2077,2104,2098,2068,2075,2070
880,2105,2103,2096,2086,2077,2079,2082,2081,2048,2067
881,2087,2075,2105,2068,2082,2071,2083,2068,2081,2059
882,2095,2078,2054,2053,2074,2059,2076,2070,2071,2091
883,2094,2060,2078,2058,2063,2059,2050,2068,2072,2065
884,2064,2092,2055,2075,2069,2071,2056,2055,2062,2053
885,2065,2022,2076,2023,2050,2057,2047,2062,2039,2033
886,2057,2035,2046,2064,2059,2057,2050,2038,2046,2049
887,2057,2050,2010,2039,2050,2043,2048,2035,2004,2046
888,2044,2045,2009,2022,2060,2034,2027,2027,2020,2022
889,2062,2027,2046,2038,2018,2035,2033,2045,2037,2006
890,2042,2019,2037,2047,2032,2028,2028,2006,2013,2026
891,2016,1994,2018,2015,2020,2025,2017,2007,2006,1986
892,2030,2009,2015,2039,1999,2005,1993,2002,2032,2011
893,2010,2019,2019,2024,2006,1998,2001,2008,1997,1982
894,2027,2015,1993,2015,2017,1997,1996,1979,2000,2003
895,1991,1984,1996,1988,1999,1959,1983,1997,1983,2002
896,2002,2010,1985,2003,1970,2015,1983,1972,1992,1995
897,1987,1988,1997,2009,1984,2000,2022,1998,1983,1978
898,1993,1995,1990,1976,1986,1986,1977,1990,1966,1988
899,1963,1958,1984,1972,1986,1962,1972,1958,1964,1979
900,2001,1961,1966,1955,1947,1980,1985,1995,1956,1981
901,1979,1969,1983,1967,1947,1945,1963,1947,1951,1925
902,1987,1993,1948,1972,1953,1957,1964,1951,1969,1970
903,1941,1970,1955,1970,1975,1940,1954,1975,1925,1959
904,1970,1960,1939,1977,1955,1955,1935,1918,1955,1964
905,1947,1964,1951,1931,1948,1952,1946,1933,1960,1946
906,1931,1951,1955,1945,1932,1964,1935,1956,1943,1911
907,1927,1931,1943,1927,1946,1923,1941,1948,1945,1934
908,1949,1932,1941,1948,1944,1911,1943,1927,1926,1930
909,1924,1931,1921,1920,1911,1929,1935,1922,1911,1940
910,1927,1908,1923,1911,1926,1925,1904,1895,1897,1893
911,1919,1923,1912,1919,1888,1923,1931,1904,1923,1898
912,1880,1908,1904,1888,1928,1903,1896,1897,1899,1876
913,1891,1907,1911,1901,1916,1915,1914,1910,1894,1903
914,1913,1914,1899,1908,1895,1909,1910,1891,1906,1884
915,1922,1906,1904,1901,1882,1888,1910,1882,1891,1911
916,1894,1877,1907,1874,1874,1909,1889,1896,1900,1877
917,1904,1879,1907,1904,1882,1876,1890,1877,1873,1874
918,1882,1882,1904,1887,1881,1886,1880,1882,1879,1887
919,1887,1884,1876,1895,1889,1903,1858,1902,1879,1880
920,1897,1894,1891,1870,1871,1882,1866,1883,1870,1878
921,1887,1868,1880,1857,1843,1866,1875,1870,1851,1859
922,1879,1854,1885,1845,1863,1870,1857,1866,1871,1863
923,1846,1855,1843,1878,1847,1855,1871,1865,1855,1847
924,1866,1847,1859,1887,1854,1863,1862,1855,1875,1852
925,1847,1851,1871,1856,1862,1839,1870,1857,1833,1859
926,1864,1847,1856,1846,1854,1849,1852,1841,1859,1854
927,1862,1847,1871,1853,1858,1846,1838,1872,1840,1848
928,1858,1853,1835,1843,1844,1847,1852,1859,1823,1826
929,1837,1830,1815,1825,1829,1848,1830,1846,1840,1799
930,1838,1811,1824,1845,1844,1834,1825,1828,1826,1812
931,1831,1838,1815,1820,1830,1830,1803,1807,1824,1816
932,1819,1808,1822,1808,1820,1827,1811,1814,1804,1807
933,1837,1811,1811,1820,1831,1803,1803,1801,1826,1820
934,1812,1807,1804,1815,1798,1827,1825,1819,1804,1800
935,1830,1824,1824,1823,1813,1834,1798,1788,1795,1811
936,1813,1801,1822,1812,1799,1795,1826,1790,1805,1815
937,1810,1791,1819,1798,1808,1785,1800,1805,1795,1772
938,1793,1803,1787,1782,1780,1806,1788,1790,1812,1784
939,1808,1799,1764,1791,1793,1822,1783,1776,1796,1758
940,1764,1792,1782,1783,1799,1783,1807,1791,1770,1790
941,1777,1785,1791,1796,1791,1800,1779,1782,1763,1750
942,1804,1791,1781,1804,1787,1783,1778,1774,1785,1781
943,1783,1794,1786,1798,1775,1770,1745,1779,1788,1758
944,1756,1759,1754,1767,1754,1787,1776,1755,1753,1760
945,1780,1762,1779,1772,1753,1751,1766,1739,1768,1776
946,1779,1775,1757,1743,1743,1744,1761,1761,1780,1782
947,1779,1747,1729,1760,1756,1757,1766,1759,1744,1746
948,1777,1736,1762,1739,1754,1739,1739,1734,1742,1759
949,1737,1735,1750,1744,1758,1751,1759,1744,1747,1750
950,1736,1731,1753,1753,1741,1740,1763,1729,1724,1751
951,1761,1744,1742,1760,1743,1716,1746,1732,1716,1720
952,1737,1737,1717,1743,1737,1730,1711,1723,1747,1723
953,1726,1728,1739,1729,1724,1738,1753,1730,1750,1723
954,1743,1740,1738,1714,1724,1723,1726,1738,1721,1722
955,1718,1730,1714,1715,1716,1734,1713,1719,1748,1723
956,1740,1722,1738,1721,1715,1726,1714,1718,1739,1730
957,1717,1717,1736,1732,1727,1722,1709,1716,1710,1714
958,1730,1711,1738,1726,1707,1718,1715,1704,1713,1716
959,1705,1720,1702,1729,1726,1703,1703,1716,1695,1699
960,1727,1702,1721,1704,1683,1710,1698,1731,1695,1696
961,1691,1703,1699,1715,1708,1723,1684,1680,1712,1699
962,1703,1712,1703,1702,1710,1682,1703,1697,1723,1695
963,1691,1713,1692,1700,1702,1708,1697,1705,1703,1680
964,1715,1688,1688,1686,1693,1703,1710,1707,1701,1670
965,1684,1701,1713,1701,1678,1679,1698,1705,1699,1682
966,1687,1691,1696,1691,1694,1690,1682,1680,1665,1651
967,1697,1693,1680,1689,1680,1684,1672,1687,1675,1684
968,1684,1676,1670,1692,1690,1659,1662,1689,1672,1692
969,1673,1671,1691,1684,1701,1686,1680,1671,1692,1670
970,1710,1672,1691,1676,1668,1690,1659,1700,1677,1663
971,1687,1678,1684,1677,1667,1671,1670,1676,1669,1685
972,1676,1664,1705,1678,1672,1687,1668,1696,1670,1667
973,1669,1669,1695,1674,1665,1691,1663,1671,1674,1683
974,1663,1669,1687,1677,1666,1664,1671,1661,1669,1659
975,1667,1669,1680,1666,1652,1677,1673,1680,1658,1667
976,1675,1653,1682,1646,1658,1656,1664,1644,1667,1652
977,1652,1668,1675,1654,1647,1654,1658,1657,1649,1667
978,1672,1663,1639,1663,1656,1652,1669,1651,1656,1648
979,1683,1673,1638,1657,1666,1663,1652,1650,1655,1665
980,1663,1657,1668,1655,1661,1622,1651,1647,1650,1647
981,1666,1647,1655,1652,1670,1646,1654,1655,1657,1648
982,1672,1668,1650,1655,1650,1657,1646,1659,1651,1641
983,1647,1639,1649,1651,1640,1656,1627,1644,1639,1635
984,1640,1637,1659,1655,1651,1659,1659,1657,1631,1635
985,1657,1657,1657,1638,1646,1639,1661,1649,1640,1627
986,1643,1637,1644,1655,1651,1655,1642,1651,1650,1646
987,1648,1656,1638,1653,1640,1636,1656,1624,1648,1640
988,1630,1651,1622,1644,1641,1631,1647,1649,1635,1650
989,1635,1641,1619,1658,1616,1616,1649,1629,1637,1646
990,1634,1631,1670,1664,1634,1656,1647,1648,1634,1638
991,1624,1643,1619,1643,1654,1607,1644,1647,1648,1625
992,1632,1641,1639,1638,1638,1650,1605,1614,1637,1635
993,1643,1630,1616,1640,1644,1621,1618,1636,1629,1611
994,1622,1639,1641,1635,1643,1626,1625,1630,1624,1635
995,1639,1660,1635,1644,1642,1636,1625,1636,1626,1651
996,1658,1655,1665,1654,1665,1666,1663,1656,1635,1666
997,1681,1650,1662,1650,1654,1671,1655,1668,1660,1659
998,1673,1643,1646,1669,1672,1651,1652,1660,1639,1649
999,1665,1656,1642,1651,1636,1653,1649,1624,1645,1635
1000,1619,1615,1622,1631,1625,1617,1635,1623,1625,1608
1001,1619,1606,1603,1614,1617,1604,1596,1606,1603,1593
1002,1605,1586,1587,1598,1588,1599,1596,1576,1613,1620
1003,1580,1570,1587,1579,1594,1574,1586,1570,1582,1595
1004,1583,1598,1573,1564,1560,1571,1569,1572,1563,1587
1005,1566,1577,1563,1566,1580,1580,1564,1572,1567,1570
1006,1563,1577,1559,1543,1575,1562,1564,1561,1555,1569
1007,1555,1556,1567,1560,1571,1560,1582,1556,1565,1553
1008,1564,1553,1548,1555,1559,1551,1549,1551,1547,1550
1009,1555,1548,1554,1558,1540,1545,1553,1528,1528,1555
1010,1547,1540,1542,1538,1542,1522,1540,1535,1539,1554
1011,1540,1522,1516,1540,1537,1527,1534,1530,1534,1543
1012,1536,1524,1531,1545,1530,1536,1538,1542,1531,1543
1013,1533,1535,1533,1533,1516,1531,1529,1548,1534,1522
1014,1531,1534,1536,1527,1534,1520,1514,1521,1542,1507
1015,1535,1531,1533,1524,1512,1524,1503,1526,1515,1522
1016,1544,1516,1527,1522,1530,1523,1521,1511,1516,1507
1017,1532,1539,1511,1531,1511,1526,1515,1507,1519,1530
1018,1524,1515,1518,1522,1512,1507,1516,1519,1517,1501
1019,1527,1514,1518,1518,1527,1504,1510,1504,1509,1514
1020,1526,1509,1490,1505,1521,1524,1491,1508,1504,1500
1021,1513,1520,1519,1528,1510,1489,1492,1497,1498,1506
1022,1496,1502,1507,1497,1492,1511,1505,1520,1505,1515
1023,1494,1497,1515,1506,1518,1504,1518,1514,1515,1489
1024,1507,1503,1513,1489,1485,1519,1491,1502,1499,1495
