   1.2781819e+01	
   1.4038526e+01	
   1.4010422e+01	
   1.4016580e+01	
   1.4022316e+01	
   1.4036529e+01	
   1.4052667e+01	
   1.4059896e+01	
   1.4075633e+01	
   1.4069898e+01	
   1.4096817e+01	
   1.4098093e+01	
   1.4099797e+01	
   1.4109170e+01	
   1.4124091e+01	
   1.4125795e+01	
   1.4141476e+01	
   1.4142004e+01	
   1.4163043e+01	
   1.4152991e+01	
   1.4180565e+01	
   1.4185261e+01	
   1.4185461e+01	
   1.4194441e+01	
   1.4193788e+01	
   1.4211125e+01	
   1.4221508e+01	
   1.4221707e+01	
   1.4242185e+01	
   1.4227043e+01	
   1.4249016e+01	
   1.4247819e+01	
   1.4262512e+01	
   1.4261743e+01	
   1.4280315e+01	
   1.4284487e+01	
   1.4291135e+01	
   1.4284347e+01	
   1.4306158e+01	
   1.4298181e+01	
   1.4306229e+01	
   1.4316324e+01	
   1.4315987e+01	
   1.4328452e+01	
   1.4328546e+01	
   1.4331762e+01	
   1.4331110e+01	
   1.4332827e+01	
   1.4338733e+01	
   1.4346252e+01	
   1.4354956e+01	
   1.4346366e+01	
   1.4356141e+01	
   1.4360227e+01	
   1.4358305e+01	
   1.4376243e+01	
   1.4368737e+01	
   1.4369075e+01	
   1.4375097e+01	
   1.4363555e+01	
   1.4365727e+01	
   1.4368007e+01	
   1.4373924e+01	
   1.4366594e+01	
   1.4370377e+01	
   1.4355192e+01	
   1.4374212e+01	
   1.4365429e+01	
   1.4335671e+01	
   1.4305870e+01	
   1.4290833e+01	
   1.4249068e+01	
   1.4208956e+01	
   1.4141339e+01	
   1.4080154e+01	
   1.3961952e+01	
   1.3824097e+01	
   1.3654940e+01	
   1.3470749e+01	
   1.3275547e+01	
   1.3042553e+01	
   1.2765072e+01	
   1.2449698e+01	
   1.2101698e+01	
   1.1664055e+01	
   1.1215171e+01	
   1.0749798e+01	
   1.0302966e+01	
   9.8746028e+00	
   9.4499046e+00	
   9.0268920e+00	
   8.5929712e+00	
   8.1707259e+00	
   7.7734339e+00	
   7.4087233e+00	
   7.0775874e+00	
   6.7589906e+00	
   6.4501704e+00	
   6.1484939e+00	
   5.8621218e+00	
   5.5880307e+00	
   5.3376565e+00	
   5.0971039e+00	
   4.8665430e+00	
   4.6410581e+00	
   4.4235288e+00	
   4.2103974e+00	
   4.0083393e+00	
   3.8209248e+00	
   3.6456762e+00	
   3.4682039e+00	
   3.2953566e+00	
   3.1324502e+00	
   2.9762820e+00	
   2.8291720e+00	
   2.6897256e+00	
   2.5642306e+00	
   2.4369689e+00	
   2.3185446e+00	
   2.2056390e+00	
   2.0989940e+00	
   1.9965709e+00	
   1.9031621e+00	
   1.8162605e+00	
   1.7363664e+00	
   1.6593883e+00	
   1.5864190e+00	
   1.5169369e+00	
   1.4552268e+00	
   1.3955874e+00	
   1.3408498e+00	
   1.2924958e+00	
   1.2448117e+00	
   1.2000758e+00	
   1.1591591e+00	
   1.1190132e+00	
   1.0833233e+00	
   1.0480756e+00	
   1.0199535e+00	
   9.9115529e-01	
   9.6539483e-01	
   9.4213165e-01	
   9.2141683e-01	
   9.0266111e-01	
   8.8806966e-01	
   8.7621118e-01	
   8.6683783e-01	
   8.6091542e-01	
   8.5645946e-01	
   8.5400488e-01	
   8.5077624e-01	
   8.4810267e-01	
   8.4459083e-01	
   8.4197670e-01	
   8.3990262e-01	
   8.3665412e-01	
   8.3489818e-01	
   8.3080855e-01	
   8.2873926e-01	
   8.2556280e-01	
   8.2196561e-01	
   8.1923790e-01	
   8.1734972e-01	
   8.1481906e-01	
   8.1288288e-01	
   8.1170345e-01	
   8.0964656e-01	
   8.0743726e-01	
   8.0499723e-01	
   8.0310524e-01	
   8.0100797e-01	
   7.9951941e-01	
   7.9744357e-01	
   7.9604476e-01	
   7.9389275e-01	
   7.9284643e-01	
   7.8990640e-01	
   7.8775608e-01	
   7.8616249e-01	
   7.8479240e-01	
   7.8328326e-01	
   7.8199797e-01	
   7.8065506e-01	
   7.7987702e-01	
   7.7795339e-01	
   7.7672276e-01	
   7.7548838e-01	
   7.7464998e-01	
   7.7327507e-01	
   7.7238909e-01	
   7.7193281e-01	
   7.7142533e-01	
   7.7009955e-01	
   7.6929165e-01	
   7.6925886e-01	
   7.6789067e-01	
   7.6737622e-01	
   7.6712396e-01	
   7.6618469e-01	
   7.6623014e-01	
   7.6522176e-01	
   7.6459533e-01	
   7.6355143e-01	
   7.6356353e-01	
   7.6247207e-01	
   7.6197966e-01	
   7.6044245e-01	
   7.6005188e-01	
   7.5939270e-01	
   7.5787250e-01	
   7.5666426e-01	
   7.5613124e-01	
   7.5417298e-01	
   7.5385190e-01	
   7.5222745e-01	
   7.5240047e-01	
   7.5047995e-01	
   7.4976178e-01	
   7.4862847e-01	
   7.4798675e-01	
   7.4666855e-01	
   7.4554079e-01	
   7.4463105e-01	
   7.4428378e-01	
   7.4300256e-01	
   7.4262387e-01	
   7.4140450e-01	
   7.4110878e-01	
   7.3987904e-01	
   7.3874991e-01	
   7.3851769e-01	
   7.3734765e-01	
   7.3707620e-01	
   7.3618124e-01	
   7.3639159e-01	
   7.3586021e-01	
   7.3481196e-01	
   7.3382328e-01	
   7.3327309e-01	
   7.3260980e-01	
   7.3244462e-01	
   7.3118746e-01	
   7.3112945e-01	
   7.3001360e-01	
   7.2973396e-01	
   7.2865596e-01	
   7.2840592e-01	
   7.2704016e-01	
   7.2649400e-01	
   7.2604277e-01	
   7.2448716e-01	
   7.2423500e-01	
   7.2336645e-01	
   7.2237161e-01	
   7.2245793e-01	
   7.1978114e-01	
   7.1925531e-01	
   7.1901330e-01	
   7.1776812e-01	
   7.1682126e-01	
   7.1641220e-01	
   7.1580510e-01	
   7.1495990e-01	
   7.1450665e-01	
   7.1406743e-01	
   7.1285860e-01	
   7.1261040e-01	
   7.1187009e-01	
   7.1158295e-01	
   7.1136507e-01	
   7.1113226e-01	
   7.1054569e-01	
   7.0962954e-01	
   7.0990260e-01	
   7.0870282e-01	
   7.0817174e-01	
   7.0813453e-01	
   7.0805388e-01	
   7.0786674e-01	
   7.0816267e-01	
   7.0815049e-01	
   7.0729198e-01	
   7.0741841e-01	
   7.0729404e-01	
   7.0708000e-01	
   7.0682971e-01	
   7.0701370e-01	
   7.0762847e-01	
   7.0738420e-01	
   7.0749201e-01	
   7.0706136e-01	
   7.0677303e-01	
   7.0701329e-01	
   7.0646707e-01	
   7.0636668e-01	
   7.0598762e-01	
   7.0622014e-01	
   7.0605679e-01	
   7.0586476e-01	
   7.0517837e-01	
   7.0502356e-01	
   7.0490936e-01	
   7.0468625e-01	
   7.0444532e-01	
   7.0341744e-01	
   7.0290097e-01	
   7.0251499e-01	
   7.0192523e-01	
   7.0146574e-01	
   7.0090906e-01	
   7.0093879e-01	
   7.0029275e-01	
   6.9992658e-01	
   6.9935710e-01	
   6.9874599e-01	
   6.9703577e-01	
   6.9776604e-01	
   6.9700555e-01	
   6.9692698e-01	
   6.9667664e-01	
   6.9605987e-01	
   6.9563409e-01	
   6.9530904e-01	
   6.9490107e-01	
   6.9405102e-01	
   6.9409485e-01	
   6.9420713e-01	
   6.9437793e-01	
   6.9395464e-01	
   6.9414983e-01	
   6.9396219e-01	
   6.9366693e-01	
   6.9345892e-01	
   6.9425661e-01	
   6.9365565e-01	
   6.9413851e-01	
   6.9435784e-01	
   6.9438694e-01	
   6.9500396e-01	
   6.9510092e-01	
   6.9494982e-01	
   6.9597460e-01	
   6.9590084e-01	
   6.9609020e-01	
   6.9649880e-01	
   6.9662912e-01	
   6.9677179e-01	
   6.9769662e-01	
   6.9768710e-01	
   6.9794685e-01	
   6.9842727e-01	
   6.9878763e-01	
   6.9925916e-01	
   6.9954497e-01	
   6.9948788e-01	
   6.9994836e-01	
   7.0013124e-01	
   7.0080741e-01	
   7.0067071e-01	
   7.0103258e-01	
   7.0114282e-01	
   7.0125269e-01	
   7.0173285e-01	
   7.0107333e-01	
   7.0097405e-01	
   7.0154670e-01	
   7.0165493e-01	
   7.0202051e-01	
   7.0182205e-01	
   7.0206396e-01	
   7.0179387e-01	
   7.0154591e-01	
   7.0176322e-01	
   7.0171589e-01	
   7.0183174e-01	
   7.0225786e-01	
   7.0199975e-01	
   7.0243590e-01	
   7.0178167e-01	
   7.0259775e-01	
   7.0200928e-01	
   7.0234290e-01	
   7.0230848e-01	
   7.0243160e-01	
   7.0280473e-01	
   7.0273899e-01	
   7.0286756e-01	
   7.0320747e-01	
   7.0339793e-01	
   7.0352485e-01	
   7.0410771e-01	
   7.0464781e-01	
   7.0532938e-01	
   7.0514147e-01	
   7.0553436e-01	
   7.0529823e-01	
   7.0621261e-01	
   7.0691392e-01	
   7.0726232e-01	
   7.0774584e-01	
   7.0799882e-01	
   7.0902776e-01	
   7.0958750e-01	
   7.0979715e-01	
   7.1045086e-01	
   7.1118634e-01	
   7.1213843e-01	
   7.1293310e-01	
   7.1346691e-01	
   7.1395847e-01	
   7.1477166e-01	
   7.1514360e-01	
   7.1636820e-01	
   7.1640639e-01	
   7.1798968e-01	
   7.1745030e-01	
   7.1869884e-01	
   7.1956881e-01	
   7.2049346e-01	
   7.2078580e-01	
   7.2064885e-01	
   7.2200295e-01	
   7.2312550e-01	
   7.2319454e-01	
   7.2379037e-01	
   7.2478637e-01	
   7.2469074e-01	
   7.2576449e-01	
   7.2600473e-01	
   7.2706154e-01	
   7.2727808e-01	
   7.2796155e-01	
   7.2808439e-01	
   7.2905392e-01	
   7.2929508e-01	
   7.2975218e-01	
   7.3082244e-01	
   7.3074355e-01	
   7.3097477e-01	
   7.3160679e-01	
   7.3236964e-01	
   7.3246765e-01	
   7.3224983e-01	
   7.3374113e-01	
   7.3399868e-01	
   7.3458611e-01	
   7.3494595e-01	
   7.3552993e-01	
   7.3619445e-01	
   7.3657712e-01	
   7.3715130e-01	
   7.3793767e-01	
   7.3792479e-01	
   7.3878052e-01	
   7.3951010e-01	
   7.4003053e-01	
   7.4074907e-01	
   7.4150685e-01	
   7.4238110e-01	
   7.4294883e-01	
   7.4371186e-01	
   7.4464021e-01	
   7.4465563e-01	
   7.4653716e-01	
   7.4702941e-01	
   7.4798639e-01	
   7.4910634e-01	
   7.5033318e-01	
   7.5088628e-01	
   7.5204189e-01	
   7.5241380e-01	
   7.5338310e-01	
   7.5438030e-01	
   7.5583730e-01	
   7.5628108e-01	
   7.5758246e-01	
   7.5894555e-01	
   7.6015655e-01	
   7.6130124e-01	
   7.6220206e-01	
   7.6349781e-01	
   7.6493687e-01	
   7.6584864e-01	
   7.6698842e-01	
   7.6842978e-01	
   7.6952879e-01	
   7.7035257e-01	
   7.7105220e-01	
   7.7254146e-01	
   7.7332571e-01	
   7.7505713e-01	
   7.7594290e-01	
   7.7695343e-01	
   7.7834255e-01	
   7.7919691e-01	
   7.8015456e-01	
   7.8136715e-01	
   7.8245347e-01	
   7.8369705e-01	
   7.8430349e-01	
   7.8552045e-01	
   7.8684114e-01	
   7.8718230e-01	
   7.8797024e-01	
   7.8875238e-01	
   7.8982701e-01	
   7.9048208e-01	
   7.9125352e-01	
   7.9211275e-01	
   7.9288645e-01	
   7.9370196e-01	
   7.9436642e-01	
   7.9544172e-01	
   7.9560118e-01	
   7.9720046e-01	
   7.9792626e-01	
   7.9797268e-01	
   7.9919204e-01	
   7.9986395e-01	
   8.0018418e-01	
   8.0116697e-01	
   8.0124377e-01	
   8.0239019e-01	
   8.0247608e-01	
   8.0401884e-01	
   8.0416822e-01	
   8.0489014e-01	
   8.0523477e-01	
   8.0646007e-01	
   8.0668849e-01	
   8.0787405e-01	
   8.0814298e-01	
   8.0944428e-01	
   8.1001073e-01	
   8.1069139e-01	
   8.1155668e-01	
   8.1197515e-01	
   8.1315942e-01	
   8.1375737e-01	
   8.1466710e-01	
   8.1550256e-01	
   8.1681604e-01	
   8.1706964e-01	
   8.1872427e-01	
   8.1991733e-01	
   8.2039871e-01	
   8.2155600e-01	
   8.2231588e-01	
   8.2400937e-01	
   8.2532368e-01	
   8.2635060e-01	
   8.2669224e-01	
   8.2794715e-01	
   8.2890396e-01	
   8.3008065e-01	
   8.3110737e-01	
   8.3271688e-01	
   8.3345811e-01	
   8.3529431e-01	
   8.3666943e-01	
   8.3739458e-01	
   8.3952089e-01	
   8.4074776e-01	
   8.4205133e-01	
   8.4361283e-01	
   8.4521707e-01	
   8.4638808e-01	
   8.4755352e-01	
   8.4931628e-01	
   8.5071677e-01	
   8.5245795e-01	
   8.5412399e-01	
   8.5560337e-01	
   8.5697771e-01	
   8.5826186e-01	
   8.5938616e-01	
   8.6123990e-01	
   8.6171454e-01	
   8.6398838e-01	
   8.6577619e-01	
   8.6749539e-01	
   8.6829650e-01	
   8.7057217e-01	
   8.7168047e-01	
   8.7366039e-01	
   8.7476061e-01	
   8.7616135e-01	
   8.7880687e-01	
   8.7982217e-01	
   8.8173378e-01	
   8.8314972e-01	
   8.8441632e-01	
   8.8612718e-01	
   8.8730122e-01	
   8.8891876e-01	
   8.9078129e-01	
   8.9188866e-01	
   8.9420967e-01	
   8.9585487e-01	
   8.9704357e-01	
   8.9843657e-01	
   9.0051603e-01	
   9.0225290e-01	
   9.0344717e-01	
   9.0517231e-01	
   9.0717921e-01	
   9.0916550e-01	
   9.0997916e-01	
   9.1267096e-01	
   9.1341508e-01	
   9.1575280e-01	
   9.1673260e-01	
   9.1798618e-01	
   9.2030071e-01	
   9.2210593e-01	
   9.2299524e-01	
   9.2480169e-01	
   9.2661638e-01	
   9.2848523e-01	
   9.3064535e-01	
   9.3174613e-01	
   9.3413251e-01	
   9.3648161e-01	
   9.3790162e-01	
   9.4038099e-01	
   9.4190676e-01	
   9.4434028e-01	
   9.4551869e-01	
   9.4758699e-01	
   9.4893748e-01	
   9.5160041e-01	
   9.5348073e-01	
   9.5516022e-01	
   9.5711055e-01	
   9.5881864e-01	
   9.6051067e-01	
   9.6221754e-01	
   9.6376820e-01	
   9.6612502e-01	
   9.6819904e-01	
   9.7045830e-01	
   9.7254257e-01	
   9.7452017e-01	
   9.7650297e-01	
   9.7880984e-01	
   9.8061301e-01	
   9.8320980e-01	
   9.8482942e-01	
   9.8596653e-01	
   9.9136003e-01	
   9.9220154e-01	
   9.9375061e-01	
   9.9545728e-01	
   9.9707420e-01	
   9.9985698e-01	
   1.0015449e+00	
   1.0040710e+00	
   1.0058766e+00	
   1.0099011e+00	
   1.0070711e+00	
   1.0111496e+00	
   1.0146808e+00	
   1.0163212e+00	
   1.0184480e+00	
   1.0213541e+00	
   1.0234022e+00	
   1.0258039e+00	
   1.0282593e+00	
   1.0301539e+00	
   1.0333459e+00	
   1.0358860e+00	
   1.0376568e+00	
   1.0396511e+00	
   1.0419626e+00	
   1.0437593e+00	
   1.0461489e+00	
   1.0490258e+00	
   1.0509559e+00	
   1.0532507e+00	
   1.0553487e+00	
   1.0571429e+00	
   1.0596429e+00	
   1.0620996e+00	
   1.0646002e+00	
   1.0675797e+00	
   1.0701321e+00	
   1.0726186e+00	
   1.0752152e+00	
   1.0785516e+00	
   1.0806683e+00	
   1.0829206e+00	
   1.0863069e+00	
   1.0884568e+00	
   1.0924319e+00	
   1.0944855e+00	
   1.0982470e+00	
   1.1006981e+00	
   1.1039268e+00	
   1.1059816e+00	
   1.1084261e+00	
   1.1113234e+00	
   1.1151984e+00	
   1.1173832e+00	
   1.1209883e+00	
   1.1244210e+00	
   1.1278044e+00	
   1.1298116e+00	
   1.1336109e+00	
   1.1361166e+00	
   1.1401695e+00	
   1.1428992e+00	
   1.1463533e+00	
   1.1495788e+00	
   1.1537120e+00	
   1.1566782e+00	
   1.1590661e+00	
   1.1638559e+00	
   1.1677042e+00	
   1.1705898e+00	
   1.1740160e+00	
   1.1784248e+00	
   1.1814592e+00	
   1.1854775e+00	
   1.1895159e+00	
   1.1929919e+00	
   1.1964343e+00	
   1.2007873e+00	
   1.2040980e+00	
   1.2072566e+00	
   1.2103267e+00	
   1.2145487e+00	
   1.2190065e+00	
   1.2219726e+00	
   1.2268010e+00	
   1.2322854e+00	
   1.2369838e+00	
   1.2410808e+00	
   1.2465254e+00	
   1.2496849e+00	
   1.2540472e+00	
   1.2579124e+00	
   1.2621271e+00	
   1.2653334e+00	
   1.2697603e+00	
   1.2735468e+00	
   1.2772517e+00	
   1.2814434e+00	
   1.2857087e+00	
   1.2891781e+00	
   1.2952545e+00	
   1.2996887e+00	
   1.3053439e+00	
   1.3109012e+00	
   1.3157275e+00	
   1.3199690e+00	
   1.3242779e+00	
   1.3295273e+00	
   1.3337816e+00	
   1.3379235e+00	
   1.3429529e+00	
   1.3476859e+00	
   1.3503572e+00	
   1.3557369e+00	
   1.3603127e+00	
   1.3636188e+00	
   1.3691059e+00	
   1.3738451e+00	
   1.3787741e+00	
   1.3841016e+00	
   1.3895436e+00	
   1.3956405e+00	
   1.4011340e+00	
   1.4057142e+00	
   1.4127592e+00	
   1.4190734e+00	
   1.4231289e+00	
   1.4281738e+00	
   1.4313493e+00	
   1.4360572e+00	
   1.4398831e+00	
   1.4447843e+00	
   1.4489324e+00	
   1.4546936e+00	
   1.4598737e+00	
   1.4651938e+00	
   1.4709248e+00	
   1.4788688e+00	
   1.4829274e+00	
   1.4899985e+00	
   1.4974944e+00	
   1.5041255e+00	
   1.5109860e+00	
   1.5170869e+00	
   1.5231747e+00	
   1.5302090e+00	
   1.5352869e+00	
   1.5395839e+00	
   1.5437580e+00	
   1.5496177e+00	
   1.5528643e+00	
   1.5589607e+00	
   1.5647287e+00	
   1.5701886e+00	
   1.5766611e+00	
   1.5818782e+00	
   1.5906056e+00	
   1.5967483e+00	
   1.6045769e+00	
   1.6120215e+00	
   1.6197512e+00	
   1.6292801e+00	
   1.6371844e+00	
   1.6438439e+00	
   1.6521436e+00	
   1.6576402e+00	
   1.6656658e+00	
   1.6699221e+00	
   1.6747200e+00	
   1.6817555e+00	
   1.6868172e+00	
   1.6935352e+00	
   1.6992432e+00	
   1.7069143e+00	
   1.7142863e+00	
   1.7205942e+00	
   1.7272590e+00	
   1.7345088e+00	
   1.7416012e+00	
   1.7497203e+00	
   1.7594054e+00	
   1.7698567e+00	
   1.7787905e+00	
   1.7870710e+00	
   1.7975977e+00	
   1.8034978e+00	
   1.8130713e+00	
   1.8196387e+00	
   1.8259885e+00	
   1.8337903e+00	
   1.8407235e+00	
   1.8482283e+00	
   1.8533738e+00	
   1.8617677e+00	
   1.8687959e+00	
   1.8765857e+00	
   1.8827713e+00	
   1.8871365e+00	
   1.8949128e+00	
   1.9036546e+00	
   1.9131387e+00	
   1.9234253e+00	
   1.9300627e+00	
   1.9421487e+00	
   1.9501978e+00	
   1.9592546e+00	
   1.9689009e+00	
   1.9760412e+00	
   1.9850199e+00	
   1.9925698e+00	
   2.0009693e+00	
   2.0079700e+00	
   2.0163223e+00	
   2.0233386e+00	
   2.0302338e+00	
   2.0402827e+00	
   2.0468552e+00	
   2.0531134e+00	
   2.0629796e+00	
   2.0708931e+00	
   2.0819295e+00	
   2.0902761e+00	
   2.0998135e+00	
   2.1105194e+00	
   2.1189465e+00	
   2.1292990e+00	
   2.1387514e+00	
   2.1456910e+00	
   2.1546428e+00	
   2.1626369e+00	
   2.1722582e+00	
   2.1823929e+00	
   2.1913900e+00	
   2.1980601e+00	
   2.2080760e+00	
   2.2172093e+00	
   2.2226191e+00	
   2.2317136e+00	
   2.2417758e+00	
   2.2539263e+00	
   2.2632324e+00	
   2.2734240e+00	
   2.2860277e+00	
   2.2934041e+00	
   2.3033786e+00	
   2.3148751e+00	
   2.3235909e+00	
   2.3363974e+00	
   2.3463944e+00	
   2.3557117e+00	
   2.3638841e+00	
   2.3769325e+00	
   2.3860263e+00	
   2.3957054e+00	
   2.4066798e+00	
   2.4174778e+00	
   2.4255366e+00	
   2.4381327e+00	
   2.4505331e+00	
   2.4637992e+00	
   2.4760531e+00	
   2.4901621e+00	
   2.5022569e+00	
   2.5137977e+00	
   2.5271015e+00	
   2.5376510e+00	
   2.5469538e+00	
   2.5590242e+00	
   2.5703577e+00	
   2.5789377e+00	
   2.5910187e+00	
   2.6041928e+00	
   2.6131639e+00	
   2.6239034e+00	
   2.6393142e+00	
   2.6518357e+00	
   2.6667655e+00	
   2.6813700e+00	
   2.6985197e+00	
   2.7142534e+00	
   2.7287333e+00	
   2.7425712e+00	
   2.7566785e+00	
   2.7715310e+00	
   2.7871115e+00	
   2.7961779e+00	
   2.8103399e+00	
   2.8223424e+00	
   2.8348790e+00	
   2.8506171e+00	
   2.8626160e+00	
   2.8790120e+00	
   2.8899719e+00	
   2.9077669e+00	
   2.9281999e+00	
   2.9377333e+00	
   2.9517723e+00	
   2.9712095e+00	
   2.9857598e+00	
   3.0017869e+00	
   3.0172270e+00	
   3.0291728e+00	
   3.0466547e+00	
   3.0635961e+00	
   3.0817638e+00	
   3.0952520e+00	
   3.1116230e+00	
   3.1269928e+00	
   3.1490424e+00	
   3.1613321e+00	
   3.1789897e+00	
   3.1954189e+00	
   3.2115428e+00	
   3.2284386e+00	
   3.2493932e+00	
   3.2645928e+00	
   3.2797410e+00	
   3.3022031e+00	
   3.3215096e+00	
   3.3386260e+00	
   3.3600160e+00	
   3.3747112e+00	
   3.3888627e+00	
   3.4086974e+00	
   3.4242517e+00	
   3.4372993e+00	
   3.4568029e+00	
   3.4762114e+00	
   3.4916448e+00	
   3.5153780e+00	
   3.5351368e+00	
   3.5537986e+00	
   3.5789410e+00	
   3.5989910e+00	
   3.6241638e+00	
   3.6401520e+00	
   3.6655336e+00	
   3.6841782e+00	
   3.7123435e+00	
   3.7340665e+00	
   3.7525620e+00	
   3.7778942e+00	
   3.7963780e+00	
   3.8173147e+00	
   3.8366798e+00	
   3.8555407e+00	
   3.8702139e+00	
   3.8869449e+00	
   3.8995552e+00	
   3.9147179e+00	
   3.9323361e+00	
   3.9485667e+00	
   3.9442330e+00	
   3.9284356e+00	
   3.9209826e+00	
   3.9201578e+00	
   3.9478714e+00	
   4.0038257e+00	
   4.0643575e+00	
   4.1192995e+00	
   4.1713165e+00	
   4.2143085e+00	
   4.2554320e+00	
   4.2876416e+00	
   4.3163240e+00	
   4.3514467e+00	
   4.3794936e+00	
   4.4106851e+00	
   4.4384061e+00	
   4.4656982e+00	
   4.4892035e+00	
   4.5178118e+00	
   4.5440425e+00	
   4.5717269e+00	
   4.6202044e+00	
