   1.2314146e+01	
   1.3529866e+01	
   1.3510504e+01	
   1.3513167e+01	
   1.3519512e+01	
   1.3527646e+01	
   1.3537258e+01	
   1.3538239e+01	
   1.3576243e+01	
   1.3558843e+01	
   1.3580928e+01	
   1.3591731e+01	
   1.3604340e+01	
   1.3609966e+01	
   1.3628317e+01	
   1.3627263e+01	
   1.3637668e+01	
   1.3649459e+01	
   1.3646917e+01	
   1.3650535e+01	
   1.3662010e+01	
   1.3651519e+01	
   1.3682537e+01	
   1.3677120e+01	
   1.3686481e+01	
   1.3693613e+01	
   1.3693410e+01	
   1.3697885e+01	
   1.3727594e+01	
   1.3714283e+01	
   1.3739109e+01	
   1.3736018e+01	
   1.3746363e+01	
   1.3748391e+01	
   1.3758954e+01	
   1.3758531e+01	
   1.3759924e+01	
   1.3769848e+01	
   1.3778282e+01	
   1.3772747e+01	
   1.3788860e+01	
   1.3786523e+01	
   1.3801044e+01	
   1.3793482e+01	
   1.3797656e+01	
   1.3795546e+01	
   1.3815711e+01	
   1.3817754e+01	
   1.3822571e+01	
   1.3822911e+01	
   1.3823575e+01	
   1.3819238e+01	
   1.3822464e+01	
   1.3822182e+01	
   1.3840094e+01	
   1.3825668e+01	
   1.3827732e+01	
   1.3833514e+01	
   1.3836112e+01	
   1.3828849e+01	
   1.3842587e+01	
   1.3817980e+01	
   1.3844189e+01	
   1.3829651e+01	
   1.3831208e+01	
   1.3803577e+01	
   1.3797588e+01	
   1.3770159e+01	
   1.3717129e+01	
   1.3662115e+01	
   1.3595001e+01	
   1.3487714e+01	
   1.3387962e+01	
   1.3239393e+01	
   1.3034363e+01	
   1.2792648e+01	
   1.2511837e+01	
   1.2225913e+01	
   1.1922411e+01	
   1.1573634e+01	
   1.1159418e+01	
   1.0693876e+01	
   1.0188282e+01	
   9.6924808e+00	
   9.1857721e+00	
   8.7052120e+00	
   8.2485582e+00	
   7.8219866e+00	
   7.4239979e+00	
   7.0275082e+00	
   6.6684923e+00	
   6.3191147e+00	
   5.9938489e+00	
   5.7019857e+00	
   5.4378079e+00	
   5.1776884e+00	
   4.9367844e+00	
   4.6995388e+00	
   4.4853266e+00	
   4.2774043e+00	
   4.0822123e+00	
   3.8985481e+00	
   3.7181317e+00	
   3.5510496e+00	
   3.3843143e+00	
   3.2260237e+00	
   3.0769171e+00	
   2.9380910e+00	
   2.8044444e+00	
   2.6801038e+00	
   2.5573626e+00	
   2.4404988e+00	
   2.3314607e+00	
   2.2270705e+00	
   2.1286273e+00	
   2.0340808e+00	
   1.9483836e+00	
   1.8603138e+00	
   1.7813157e+00	
   1.7050559e+00	
   1.6339002e+00	
   1.5677967e+00	
   1.5042965e+00	
   1.4451458e+00	
   1.3876419e+00	
   1.3361750e+00	
   1.2866799e+00	
   1.2388249e+00	
   1.1962358e+00	
   1.1558869e+00	
   1.1179644e+00	
   1.0835459e+00	
   1.0501863e+00	
   1.0197665e+00	
   9.9300187e-01	
   9.6702069e-01	
   9.4586001e-01	
   9.2607940e-01	
   9.1192507e-01	
   8.9876669e-01	
   8.8904375e-01	
   8.8073324e-01	
   8.7538876e-01	
   8.7100589e-01	
   8.6786118e-01	
   8.6503770e-01	
   8.6255408e-01	
   8.5984676e-01	
   8.5646272e-01	
   8.5366531e-01	
   8.5014449e-01	
   8.4703516e-01	
   8.4342991e-01	
   8.4121727e-01	
   8.3854709e-01	
   8.3592442e-01	
   8.3430153e-01	
   8.3092483e-01	
   8.2926435e-01	
   8.2602369e-01	
   8.2356054e-01	
   8.2210101e-01	
   8.2041897e-01	
   8.1873550e-01	
   8.1672875e-01	
   8.1446203e-01	
   8.1210422e-01	
   8.0947376e-01	
   8.0759336e-01	
   8.0603796e-01	
   8.0372673e-01	
   8.0189749e-01	
   7.9967387e-01	
   7.9810354e-01	
   7.9570652e-01	
   7.9370785e-01	
   7.9200864e-01	
   7.9016883e-01	
   7.8882992e-01	
   7.8795352e-01	
   7.8661719e-01	
   7.8504522e-01	
   7.8342852e-01	
   7.8271504e-01	
   7.8075012e-01	
   7.7999626e-01	
   7.7903583e-01	
   7.7852112e-01	
   7.7712980e-01	
   7.7693629e-01	
   7.7623641e-01	
   7.7494397e-01	
   7.7392641e-01	
   7.7227365e-01	
   7.7267069e-01	
   7.7110579e-01	
   7.7032712e-01	
   7.7018657e-01	
   7.6887277e-01	
   7.6822369e-01	
   7.6620211e-01	
   7.6523332e-01	
   7.6396021e-01	
   7.6367043e-01	
   7.6204578e-01	
   7.6152704e-01	
   7.5936134e-01	
   7.5852855e-01	
   7.5734672e-01	
   7.5558186e-01	
   7.5441730e-01	
   7.5308020e-01	
   7.5174524e-01	
   7.5074827e-01	
   7.4970739e-01	
   7.4912222e-01	
   7.4748853e-01	
   7.4714795e-01	
   7.4533329e-01	
   7.4435957e-01	
   7.4349578e-01	
   7.4234074e-01	
   7.4161292e-01	
   7.4100414e-01	
   7.4004610e-01	
   7.3955658e-01	
   7.3807632e-01	
   7.3756768e-01	
   7.3687984e-01	
   7.3574238e-01	
   7.3604433e-01	
   7.3454147e-01	
   7.3414261e-01	
   7.3347630e-01	
   7.3297228e-01	
   7.3159719e-01	
   7.3127130e-01	
   7.3019682e-01	
   7.2952148e-01	
   7.2865181e-01	
   7.2847330e-01	
   7.2741308e-01	
   7.2707283e-01	
   7.2534959e-01	
   7.2471337e-01	
   7.2355294e-01	
   7.2324672e-01	
   7.2185129e-01	
   7.2118737e-01	
   7.2020652e-01	
   7.1912953e-01	
   7.1837770e-01	
   7.1807383e-01	
   7.1688919e-01	
   7.1741617e-01	
   7.1439458e-01	
   7.1415091e-01	
   7.1385465e-01	
   7.1324845e-01	
   7.1277096e-01	
   7.1214578e-01	
   7.1149077e-01	
   7.1115954e-01	
   7.1061131e-01	
   7.1016068e-01	
   7.0940440e-01	
   7.0886908e-01	
   7.0825258e-01	
   7.0790088e-01	
   7.0794006e-01	
   7.0797235e-01	
   7.0719565e-01	
   7.0683980e-01	
   7.0704455e-01	
   7.0626049e-01	
   7.0585732e-01	
   7.0562809e-01	
   7.0571690e-01	
   7.0562811e-01	
   7.0590023e-01	
   7.0579121e-01	
   7.0499801e-01	
   7.0528049e-01	
   7.0489027e-01	
   7.0455757e-01	
   7.0400332e-01	
   7.0429480e-01	
   7.0440199e-01	
   7.0395161e-01	
   7.0353035e-01	
   7.0328440e-01	
   7.0240345e-01	
   7.0264521e-01	
   7.0239062e-01	
   7.0203190e-01	
   7.0186851e-01	
   7.0178679e-01	
   7.0066104e-01	
   7.0071256e-01	
   6.9980229e-01	
   6.9943652e-01	
   6.9935287e-01	
   6.9907816e-01	
   6.9882421e-01	
   6.9779257e-01	
   6.9705727e-01	
   6.9734988e-01	
   6.9624995e-01	
   6.9622754e-01	
   6.9570600e-01	
   6.9562111e-01	
   6.9497913e-01	
   6.9482869e-01	
   6.9426528e-01	
   6.9401023e-01	
   6.9318203e-01	
   6.9306350e-01	
   6.9296260e-01	
   6.9260206e-01	
   6.9260284e-01	
   6.9249183e-01	
   6.9221636e-01	
   6.9219036e-01	
   6.9157664e-01	
   6.9153339e-01	
   6.9200205e-01	
   6.9224352e-01	
   6.9223505e-01	
   6.9203472e-01	
   6.9198268e-01	
   6.9197662e-01	
   6.9215056e-01	
   6.9240180e-01	
   6.9308602e-01	
   6.9266626e-01	
   6.9285735e-01	
   6.9367295e-01	
   6.9353800e-01	
   6.9395041e-01	
   6.9407330e-01	
   6.9384032e-01	
   6.9466378e-01	
   6.9493917e-01	
   6.9587539e-01	
   6.9597939e-01	
   6.9564400e-01	
   6.9610252e-01	
   6.9647326e-01	
   6.9641431e-01	
   6.9679615e-01	
   6.9697464e-01	
   6.9762067e-01	
   6.9783700e-01	
   6.9762098e-01	
   6.9738573e-01	
   6.9774100e-01	
   6.9805142e-01	
   6.9818264e-01	
   6.9822990e-01	
   6.9836254e-01	
   6.9845546e-01	
   6.9861858e-01	
   6.9876729e-01	
   6.9868618e-01	
   6.9856012e-01	
   6.9935799e-01	
   6.9927917e-01	
   6.9922830e-01	
   6.9900876e-01	
   6.9934652e-01	
   6.9955348e-01	
   6.9935493e-01	
   6.9912530e-01	
   6.9959119e-01	
   6.9980967e-01	
   6.9992190e-01	
   6.9986658e-01	
   7.0040352e-01	
   7.0015948e-01	
   7.0055234e-01	
   7.0010107e-01	
   7.0093684e-01	
   7.0128517e-01	
   7.0166227e-01	
   7.0185783e-01	
   7.0197984e-01	
   7.0219507e-01	
   7.0222199e-01	
   7.0256459e-01	
   7.0316286e-01	
   7.0351139e-01	
   7.0436375e-01	
   7.0543611e-01	
   7.0506565e-01	
   7.0557737e-01	
   7.0565664e-01	
   7.0657667e-01	
   7.0722723e-01	
   7.0751633e-01	
   7.0827379e-01	
   7.0883951e-01	
   7.0946341e-01	
   7.1041100e-01	
   7.1039332e-01	
   7.1112147e-01	
   7.1119404e-01	
   7.1251101e-01	
   7.1308296e-01	
   7.1386931e-01	
   7.1423333e-01	
   7.1493779e-01	
   7.1540405e-01	
   7.1616013e-01	
   7.1647926e-01	
   7.1797156e-01	
   7.1764642e-01	
   7.1855362e-01	
   7.1892992e-01	
   7.1975660e-01	
   7.2015280e-01	
   7.2019431e-01	
   7.2117012e-01	
   7.2217993e-01	
   7.2247815e-01	
   7.2327628e-01	
   7.2355747e-01	
   7.2353640e-01	
   7.2482228e-01	
   7.2511920e-01	
   7.2573319e-01	
   7.2568117e-01	
   7.2642559e-01	
   7.2670310e-01	
   7.2737720e-01	
   7.2781066e-01	
   7.2833066e-01	
   7.2883521e-01	
   7.2945796e-01	
   7.2938597e-01	
   7.3008713e-01	
   7.3076648e-01	
   7.3145078e-01	
   7.3164343e-01	
   7.3253122e-01	
   7.3301252e-01	
   7.3361436e-01	
   7.3345566e-01	
   7.3430439e-01	
   7.3498183e-01	
   7.3531982e-01	
   7.3683123e-01	
   7.3707916e-01	
   7.3740541e-01	
   7.3793030e-01	
   7.3873166e-01	
   7.3989372e-01	
   7.4076451e-01	
   7.4141131e-01	
   7.4225255e-01	
   7.4331310e-01	
   7.4396981e-01	
   7.4483147e-01	
   7.4549011e-01	
   7.4618397e-01	
   7.4716092e-01	
   7.4838660e-01	
   7.4921314e-01	
   7.4978519e-01	
   7.5123011e-01	
   7.5248614e-01	
   7.5298819e-01	
   7.5412954e-01	
   7.5489040e-01	
   7.5660181e-01	
   7.5720515e-01	
   7.5845081e-01	
   7.5910287e-01	
   7.6064534e-01	
   7.6088961e-01	
   7.6208296e-01	
   7.6307362e-01	
   7.6427181e-01	
   7.6518776e-01	
   7.6652622e-01	
   7.6754250e-01	
   7.6875164e-01	
   7.6920906e-01	
   7.7006009e-01	
   7.7143253e-01	
   7.7228812e-01	
   7.7409285e-01	
   7.7460204e-01	
   7.7529151e-01	
   7.7640910e-01	
   7.7707886e-01	
   7.7796101e-01	
   7.7903324e-01	
   7.7966008e-01	
   7.8076936e-01	
   7.8136453e-01	
   7.8250852e-01	
   7.8308768e-01	
   7.8345556e-01	
   7.8429791e-01	
   7.8552413e-01	
   7.8612590e-01	
   7.8698440e-01	
   7.8749780e-01	
   7.8867329e-01	
   7.8914948e-01	
   7.8984203e-01	
   7.9042230e-01	
   7.9114170e-01	
   7.9174291e-01	
   7.9308524e-01	
   7.9375272e-01	
   7.9405919e-01	
   7.9518287e-01	
   7.9605993e-01	
   7.9646826e-01	
   7.9725606e-01	
   7.9822960e-01	
   7.9926451e-01	
   7.9966951e-01	
   8.0071793e-01	
   8.0154556e-01	
   8.0238569e-01	
   8.0228297e-01	
   8.0379779e-01	
   8.0422494e-01	
   8.0513246e-01	
   8.0569250e-01	
   8.0693931e-01	
   8.0788591e-01	
   8.0876170e-01	
   8.0984312e-01	
   8.1024291e-01	
   8.1141702e-01	
   8.1265069e-01	
   8.1345610e-01	
   8.1475338e-01	
   8.1605120e-01	
   8.1690321e-01	
   8.1810640e-01	
   8.1903822e-01	
   8.1985473e-01	
   8.2104802e-01	
   8.2198406e-01	
   8.2361623e-01	
   8.2462995e-01	
   8.2620019e-01	
   8.2638703e-01	
   8.2793188e-01	
   8.2951478e-01	
   8.3074618e-01	
   8.3192982e-01	
   8.3361726e-01	
   8.3433094e-01	
   8.3622329e-01	
   8.3740399e-01	
   8.3861681e-01	
   8.4055869e-01	
   8.4138666e-01	
   8.4348997e-01	
   8.4459942e-01	
   8.4573215e-01	
   8.4720273e-01	
   8.4803804e-01	
   8.4997410e-01	
   8.5090394e-01	
   8.5295287e-01	
   8.5414483e-01	
   8.5530224e-01	
   8.5713255e-01	
   8.5851730e-01	
   8.5959493e-01	
   8.6199391e-01	
   8.6216553e-01	
   8.6522283e-01	
   8.6622308e-01	
   8.6839136e-01	
   8.6892574e-01	
   8.7089327e-01	
   8.7183162e-01	
   8.7365504e-01	
   8.7458289e-01	
   8.7609335e-01	
   8.7799595e-01	
   8.7892676e-01	
   8.8107394e-01	
   8.8221728e-01	
   8.8375236e-01	
   8.8591413e-01	
   8.8694177e-01	
   8.8855934e-01	
   8.9006747e-01	
   8.9159666e-01	
   8.9328112e-01	
   8.9510592e-01	
   8.9742711e-01	
   8.9785040e-01	
   9.0014288e-01	
   9.0152327e-01	
   9.0279042e-01	
   9.0390536e-01	
   9.0629525e-01	
   9.0759964e-01	
   9.0869456e-01	
   9.1112470e-01	
   9.1192361e-01	
   9.1392295e-01	
   9.1593708e-01	
   9.1718548e-01	
   9.1972645e-01	
   9.2224713e-01	
   9.2321772e-01	
   9.2459507e-01	
   9.2619444e-01	
   9.2866523e-01	
   9.3080859e-01	
   9.3167886e-01	
   9.3405782e-01	
   9.3568592e-01	
   9.3715239e-01	
   9.3872181e-01	
   9.4037818e-01	
   9.4241813e-01	
   9.4343527e-01	
   9.4556082e-01	
   9.4733936e-01	
   9.4931341e-01	
   9.5195943e-01	
   9.5375638e-01	
   9.5484785e-01	
   9.5705489e-01	
   9.5924346e-01	
   9.6106116e-01	
   9.6376198e-01	
   9.6615522e-01	
   9.6759284e-01	
   9.6973872e-01	
   9.7164154e-01	
   9.7397474e-01	
   9.7602412e-01	
   9.7824007e-01	
   9.7880361e-01	
   9.8159738e-01	
   9.8309209e-01	
   9.8292560e-01	
   9.8867586e-01	
   9.8847104e-01	
   9.9007165e-01	
   9.9212282e-01	
   9.9398059e-01	
   9.9604250e-01	
   9.9867246e-01	
   1.0011139e+00	
   1.0039179e+00	
   1.0079269e+00	
   1.0056330e+00	
   1.0096930e+00	
   1.0134131e+00	
   1.0154211e+00	
   1.0170550e+00	
   1.0196370e+00	
   1.0216759e+00	
   1.0233890e+00	
   1.0249237e+00	
   1.0277447e+00	
   1.0294060e+00	
   1.0317365e+00	
   1.0335093e+00	
   1.0357921e+00	
   1.0380930e+00	
   1.0403687e+00	
   1.0422615e+00	
   1.0451574e+00	
   1.0467963e+00	
   1.0495571e+00	
   1.0517221e+00	
   1.0544949e+00	
   1.0570448e+00	
   1.0591282e+00	
   1.0619282e+00	
   1.0638106e+00	
   1.0668360e+00	
   1.0694017e+00	
   1.0720753e+00	
   1.0746957e+00	
   1.0772935e+00	
   1.0795662e+00	
   1.0815044e+00	
   1.0846545e+00	
   1.0887848e+00	
   1.0901032e+00	
   1.0933148e+00	
   1.0959912e+00	
   1.0990575e+00	
   1.1007886e+00	
   1.1033990e+00	
   1.1063208e+00	
   1.1109684e+00	
   1.1125619e+00	
   1.1160538e+00	
   1.1197231e+00	
   1.1217651e+00	
   1.1250495e+00	
   1.1288626e+00	
   1.1303783e+00	
   1.1340840e+00	
   1.1374954e+00	
   1.1408929e+00	
   1.1433237e+00	
   1.1469916e+00	
   1.1506381e+00	
   1.1530617e+00	
   1.1573304e+00	
   1.1613210e+00	
   1.1635526e+00	
   1.1673092e+00	
   1.1707777e+00	
   1.1735995e+00	
   1.1774223e+00	
   1.1804854e+00	
   1.1831994e+00	
   1.1881602e+00	
   1.1914732e+00	
   1.1965882e+00	
   1.1993124e+00	
   1.2028131e+00	
   1.2071013e+00	
   1.2111430e+00	
   1.2146248e+00	
   1.2184093e+00	
   1.2225476e+00	
   1.2262558e+00	
   1.2288058e+00	
   1.2339049e+00	
   1.2350783e+00	
   1.2389475e+00	
   1.2426278e+00	
   1.2468431e+00	
   1.2514069e+00	
   1.2562658e+00	
   1.2614015e+00	
   1.2660327e+00	
   1.2706292e+00	
   1.2742947e+00	
   1.2775878e+00	
   1.2829767e+00	
   1.2868481e+00	
   1.2912787e+00	
   1.2946444e+00	
   1.2991395e+00	
   1.3025813e+00	
   1.3071226e+00	
   1.3105958e+00	
   1.3139518e+00	
   1.3177480e+00	
   1.3230568e+00	
   1.3278428e+00	
   1.3318905e+00	
   1.3382156e+00	
   1.3426536e+00	
   1.3477356e+00	
   1.3525513e+00	
   1.3585625e+00	
   1.3619118e+00	
   1.3672847e+00	
   1.3715596e+00	
   1.3769112e+00	
   1.3800148e+00	
   1.3838629e+00	
   1.3888764e+00	
   1.3933834e+00	
   1.3968952e+00	
   1.4037319e+00	
   1.4066078e+00	
   1.4129410e+00	
   1.4182485e+00	
   1.4235289e+00	
   1.4291890e+00	
   1.4361956e+00	
   1.4421266e+00	
   1.4489949e+00	
   1.4553355e+00	
   1.4611891e+00	
   1.4662774e+00	
   1.4705759e+00	
   1.4747680e+00	
   1.4797459e+00	
   1.4850792e+00	
   1.4892544e+00	
   1.4938257e+00	
   1.4994666e+00	
   1.5035371e+00	
   1.5084619e+00	
   1.5139658e+00	
   1.5212766e+00	
   1.5276212e+00	
   1.5341646e+00	
   1.5419891e+00	
   1.5497181e+00	
   1.5570622e+00	
   1.5622404e+00	
   1.5704313e+00	
   1.5756793e+00	
   1.5825105e+00	
   1.5862007e+00	
   1.5936429e+00	
   1.5981588e+00	
   1.6040385e+00	
   1.6093216e+00	
   1.6152287e+00	
   1.6200779e+00	
   1.6271570e+00	
   1.6328957e+00	
   1.6388874e+00	
   1.6463328e+00	
   1.6548439e+00	
   1.6618373e+00	
   1.6690117e+00	
   1.6777775e+00	
   1.6864365e+00	
   1.6949054e+00	
   1.7020070e+00	
   1.7087429e+00	
   1.7158572e+00	
   1.7238397e+00	
   1.7310016e+00	
   1.7370238e+00	
   1.7449106e+00	
   1.7502014e+00	
   1.7592369e+00	
   1.7634686e+00	
   1.7688869e+00	
   1.7730113e+00	
   1.7791836e+00	
   1.7866002e+00	
   1.7940733e+00	
   1.8018878e+00	
   1.8106488e+00	
   1.8189015e+00	
   1.8259278e+00	
   1.8345654e+00	
   1.8453509e+00	
   1.8513217e+00	
   1.8610281e+00	
   1.8684085e+00	
   1.8770445e+00	
   1.8857382e+00	
   1.8934462e+00	
   1.9004802e+00	
   1.9070748e+00	
   1.9133839e+00	
   1.9203815e+00	
   1.9268619e+00	
   1.9324182e+00	
   1.9402455e+00	
   1.9475689e+00	
   1.9569082e+00	
   1.9639904e+00	
   1.9730571e+00	
   1.9816766e+00	
   1.9914139e+00	
   2.0002169e+00	
   2.0082354e+00	
   2.0175545e+00	
   2.0267177e+00	
   2.0358607e+00	
   2.0443249e+00	
   2.0509373e+00	
   2.0610291e+00	
   2.0693352e+00	
   2.0779265e+00	
   2.0866880e+00	
   2.0911412e+00	
   2.0999972e+00	
   2.1082597e+00	
   2.1171648e+00	
   2.1271240e+00	
   2.1353267e+00	
   2.1431924e+00	
   2.1535177e+00	
   2.1639132e+00	
   2.1698595e+00	
   2.1801864e+00	
   2.1908403e+00	
   2.2002799e+00	
   2.2100950e+00	
   2.2232438e+00	
   2.2337069e+00	
   2.2414663e+00	
   2.2493889e+00	
   2.2598971e+00	
   2.2675919e+00	
   2.2780336e+00	
   2.2891082e+00	
   2.2992197e+00	
   2.3084873e+00	
   2.3186195e+00	
   2.3290062e+00	
   2.3404024e+00	
   2.3538438e+00	
   2.3671145e+00	
   2.3737510e+00	
   2.3864834e+00	
   2.3970229e+00	
   2.4085115e+00	
   2.4201437e+00	
   2.4288665e+00	
   2.4416364e+00	
   2.4509936e+00	
   2.4621849e+00	
   2.4730046e+00	
   2.4806824e+00	
   2.4938095e+00	
   2.5076312e+00	
   2.5202944e+00	
   2.5351091e+00	
   2.5500019e+00	
   2.5626281e+00	
   2.5768997e+00	
   2.5921218e+00	
   2.6033861e+00	
   2.6146222e+00	
   2.6279695e+00	
   2.6399163e+00	
   2.6528593e+00	
   2.6647026e+00	
   2.6768169e+00	
   2.6854263e+00	
   2.7001401e+00	
   2.7116820e+00	
   2.7238057e+00	
   2.7357680e+00	
   2.7504769e+00	
   2.7679275e+00	
   2.7848788e+00	
   2.7967820e+00	
   2.8153466e+00	
   2.8299930e+00	
   2.8450821e+00	
   2.8608393e+00	
   2.8712661e+00	
   2.8877598e+00	
   2.8991990e+00	
   2.9148728e+00	
   2.9312501e+00	
   2.9431977e+00	
   2.9562328e+00	
   2.9736576e+00	
   2.9890132e+00	
   3.0062726e+00	
   3.0218374e+00	
   3.0342508e+00	
   3.0540741e+00	
   3.0686347e+00	
   3.0873757e+00	
   3.1047828e+00	
   3.1204526e+00	
   3.1375312e+00	
   3.1542391e+00	
   3.1698890e+00	
   3.1862275e+00	
   3.1986082e+00	
   3.2171860e+00	
   3.2292652e+00	
   3.2469587e+00	
   3.2643512e+00	
   3.2852068e+00	
   3.2972632e+00	
   3.3188065e+00	
   3.3402269e+00	
   3.3542991e+00	
   3.3796073e+00	
   3.4004561e+00	
   3.4167255e+00	
   3.4349498e+00	
   3.4601886e+00	
   3.4725089e+00	
   3.4960866e+00	
   3.5132857e+00	
   3.5355500e+00	
   3.5540052e+00	
   3.5700794e+00	
   3.5927567e+00	
   3.6102153e+00	
   3.6224454e+00	
   3.6353164e+00	
   3.6515637e+00	
   3.6657818e+00	
   3.6805550e+00	
   3.6913354e+00	
   3.6835302e+00	
   3.6518990e+00	
   3.6339380e+00	
   3.6572001e+00	
   3.6864016e+00	
   3.7569037e+00	
   3.8376069e+00	
   3.8900192e+00	
   3.9261517e+00	
   3.9504212e+00	
   3.9751589e+00	
   4.0090452e+00	
   4.0331351e+00	
   4.0609887e+00	
   4.0839313e+00	
   4.1135639e+00	
   4.1343576e+00	
   4.1598278e+00	
   4.1830882e+00	
   4.2043978e+00	
   4.2304865e+00	
   4.2550350e+00	
   4.2794300e+00	
   4.3017423e+00	
   4.3257218e+00	
   4.3462201e+00	
   4.3776322e+00	
   4.4026312e+00	
   4.4301499e+00	
   4.4856185e+00	
