#Wave		#Intensity
3495.387695	966.146912
3494.743164	985.547424
3494.098633	1043.542236
3493.454102	985.157043
3492.809570	984.961914
3492.165039	965.381714
3491.519531	996.200806
3490.875000	1061.887085
3490.229492	941.560242
3489.583984	1061.466919
3488.938477	1041.890991
3488.292969	1018.450317
3487.647461	987.275574
3487.001953	1126.432983
3486.355469	1102.989502
3485.709961	1052.469604
3485.063477	1044.524414
3484.416992	1040.450195
3483.770508	1040.244751
3483.124023	1098.034058
3482.477539	1090.086182
3481.830078	1055.087891
3481.183594	1078.063843
3480.536133	1155.116333
3479.888672	1066.050903
3479.241211	1038.808350
3478.593750	1092.657227
3477.946289	1131.043945
3477.298828	1196.431641
3476.651367	1065.000122
3476.002930	1041.642700
3475.354492	1033.723022
3474.706055	1060.514282
3474.057617	1175.974976
3473.409180	1060.096558
3472.760742	1136.970459
3472.112305	1148.306763
3471.462891	1155.785889
3470.814453	1109.336060
3470.165039	1143.777710
3469.515625	1189.756836
3468.866211	1151.026855
3468.216797	1258.567749
3467.567383	1127.485718
3466.916992	1208.057739
3466.267578	1127.042358
3465.617188	1146.049927
3464.966797	1195.810303
3464.316406	1253.239746
3463.666016	1206.870972
3463.015625	1175.891724
3462.365234	1210.239014
3461.713867	1217.683838
3461.063477	1263.531006
3460.412109	1255.603394
3459.760742	1220.805786
3459.109375	1232.081055
3458.458008	1258.701782
3457.806641	1220.087280
3457.155273	1189.159912
3456.502930	1261.796387
3455.850586	1230.873047
3455.199219	1161.624268
3454.546875	1280.219238
3453.894531	1276.136108
3453.242188	1268.223022
3452.588867	1329.266357
3451.936523	1244.746094
3451.283203	1290.453125
3450.630859	1236.601563
3449.977539	1278.464478
3449.324219	1339.445923
3448.670898	1277.963867
3448.017578	1293.015625
3447.363281	1434.277954
3446.709961	1365.165405
3446.055664	1334.312256
3445.402344	1326.406250
3444.748047	1284.107544
3444.093750	1379.381348
3443.439453	1256.863525
3442.785156	1329.188354
3442.129883	1340.384766
3441.475586	1355.394775
3440.820313	1404.754272
3440.165039	1377.764160
3439.509766	1358.416016
3438.854492	1407.745972
3438.199219	1315.928101
3437.543945	1384.314819
3436.887695	1361.167725
3436.232422	1471.451294
3435.576172	1391.126587
3434.919922	1406.097168
3434.263672	1386.773682
3433.607422	1439.830078
3432.951172	1485.249023
3432.294922	1462.113647
3431.637695	1309.554565
3430.981445	1419.676025
3430.324219	1407.983032
3429.666992	1369.662231
3429.009766	1396.022339
3428.352539	1521.253540
3427.695313	1524.759277
3427.037109	1505.453735
3426.379883	1429.142212
3425.721680	1561.869507
3425.063477	1477.977783
3424.405273	1523.274048
3423.747070	1526.775146
3423.088867	1477.114014
3422.430664	1404.693359
3421.771484	1438.581421
3421.113281	1571.125854
3420.454102	1491.140747
3419.794922	1536.372559
3419.135742	1448.839600
3418.476563	1543.358521
3417.817383	1562.014648
3417.158203	1531.386108
3416.498047	1489.400146
3415.838867	1610.361084
3415.178711	1519.127441
3414.518555	1492.318604
3413.858398	1601.847656
3413.198242	1510.668823
3412.537109	1525.516724
3411.876953	1536.574097
3411.216797	1634.657471
3410.555664	1562.458984
3409.894531	1611.327271
3409.233398	1592.105469
3408.572266	1656.072754
3407.911133	1617.948486
3407.249023	1576.059326
3406.587891	1666.443970
3405.925781	1681.232422
3405.264648	1646.910034
3404.602539	1586.164795
3403.940430	1702.908081
3403.278320	1593.098999
3402.615234	1600.338379
3401.953125	1679.274292
3401.291016	1678.948364
3400.627930	1644.672729
3399.964844	1621.724731
3399.301758	1606.327148
3398.638672	1639.945313
3397.975586	1647.165527
3397.312500	1767.438721
3396.648438	1770.863647
3395.985352	1744.150635
3395.321289	1634.588623
3394.657227	1784.895630
3393.993164	1709.251953
3393.329102	1603.524536
3392.665039	1727.406128
3392.000000	1779.748779
3391.335938	1738.022217
3390.670898	1797.864868
3390.006836	1752.390381
3389.341797	1876.122925
3388.676758	1740.433960
3388.010742	1751.371582
3387.345703	1743.516968
3386.680664	1728.151611
3386.014648	1724.060669
3385.348633	1712.460449
3384.683594	1667.072632
3384.017578	1843.184937
3383.351563	1718.971802
3382.684570	1834.965942
3382.018555	1875.879883
3381.352539	1657.956543
3380.685547	1815.148438
3380.018555	1739.805298
3379.351563	1855.682861
3378.684570	1851.575439
3378.017578	1787.511108
3377.350586	1880.832031
3376.683594	1681.932373
3376.015625	1775.237549
3375.347656	1849.783936
3374.680664	1804.500610
3374.012695	1811.637451
3373.344727	1859.937134
3372.675781	1773.520386
3372.007813	1889.144409
3371.339844	1765.353760
3370.670898	1963.202148
3370.001953	1951.606201
3369.333008	1861.516968
3368.664063	1999.435547
3367.995117	1845.850708
3367.326172	1942.624878
3366.657227	1841.401611
3365.987305	1878.389160
3365.317383	1851.890381
3364.648438	1952.321289
3363.978516	1933.282715
3363.308594	1973.955200
3362.637695	1925.073608
3361.967773	1995.572266
3361.297852	1913.141357
3360.626953	1976.157715
3359.956055	2016.782349
3359.286133	2038.755493
3358.615234	1963.832642
3357.943359	2011.887329
3357.272461	1966.798462
3356.601563	1910.554199
3355.929688	1906.461426
3355.258789	1924.707153
3354.586914	2002.499756
3353.915039	1983.505737
3353.243164	1975.681030
3352.571289	2027.378784
3351.898438	2127.406494
3351.226563	2048.906494
3350.553711	2096.842285
3349.881836	2033.246582
3349.208984	2107.181152
3348.536133	2025.029785
3347.863281	2139.801514
3347.190430	1975.962646
3346.516602	2016.429443
3345.843750	2060.593262
3345.169922	2037.922974
3344.496094	2156.292480
3343.822266	2133.612061
3343.148438	2051.582031
3342.474609	2099.405273
3341.800781	2169.460938
3341.125977	2094.886719
3340.452148	2057.411621
3339.777344	2145.966309
3339.102539	2134.435059
3338.427734	2130.318115
3337.752930	2152.131836
3337.078125	2062.833008
3336.402344	2158.706299
3335.727539	2269.350586
3335.051758	2168.976563
3334.376953	2138.953125
3333.701172	2205.138184
3333.025391	2178.818115
3332.348633	2178.397461
3331.672852	2266.722900
3330.997070	2196.041504
3330.320313	2291.722168
3329.643555	2269.105957
3328.967773	2165.210693
3328.291016	2216.511475
3327.613281	2241.937744
3326.936523	2171.342529
3326.259766	2229.996094
3325.582031	2240.639648
3324.905273	2232.825928
3324.227539	2213.945313
3323.549805	2198.761230
3322.872070	2286.860352
3322.194336	2267.979980
3321.515625	2179.052734
3320.837891	2392.440430
3320.159180	2170.840332
3319.481445	2328.873047
3318.802734	2236.318115
3318.124023	2305.873047
3317.445313	2301.745117
3316.765625	2216.613037
3316.086914	2219.866455
3315.407227	2315.135010
3314.728516	2322.048096
3314.048828	2303.203613
3313.369141	2335.865723
3312.689453	2364.837402
3312.009766	2368.058105
3311.329102	2345.542480
3310.649414	2400.225098
3309.968750	2208.662842
3309.289063	2149.448242
3308.608398	2428.223877
3307.927734	2446.119385
3307.247070	2342.827148
3306.565430	2408.460693
3305.884766	2367.617676
3305.203125	2473.591064
3304.522461	2432.751221
3303.840820	2377.252686
3303.159180	2384.129395
3302.477539	2490.017334
3301.795898	2412.540771
3301.113281	2426.738037
3300.431641	2462.919922
3299.749023	2385.493164
3299.066406	2381.368896
3298.384766	2435.853027
3297.702148	2442.707275
3297.018555	2504.481445
3296.335938	2496.676270
3295.653320	2346.129639
3294.969727	2481.074463
3294.286133	2561.086670
3293.603516	2399.640625
3292.919922	2596.670410
3292.235352	2479.158447
3291.551758	2533.517822
3290.868164	2492.821777
3290.183594	2371.743164
3289.500000	2553.972656
3288.815430	2465.806152
3288.130859	2509.157959
3287.446289	2417.382324
3286.761719	2489.934082
3286.076172	2500.403809
3285.391602	2467.074951
3284.706055	2477.544922
3284.021484	2560.972656
3283.335938	2589.657227
3282.650391	2545.396484
3281.964844	2552.196533
3281.278320	2445.989990
3280.592773	2518.409180
3279.906250	2525.210205
3279.220703	2572.083496
3278.534180	2578.871582
3277.847656	2574.731445
3277.161133	2534.181885
3276.474609	2675.666260
3275.787109	2493.166260
3275.100586	2561.824463
3274.413086	2630.456055
3273.725586	2480.808105
3273.038086	2622.165527
3272.350586	2534.391113
3271.663086	2501.182129
3270.975586	2587.932129
3270.287109	2649.210449
3269.599609	2565.131592
3268.911133	2586.431396
3268.222656	2582.299072
3267.534180	2505.544189
3266.845703	2497.798584
3266.157227	2588.060791
3265.467773	2721.837646
3264.779297	2460.065186
3264.089844	2535.771240
3263.400391	2644.091064
3262.710938	2563.800781
3262.021484	2566.930176
3261.332031	2646.181641
3260.642578	2623.924316
3259.952148	2532.828857
3259.262695	2626.531494
3258.572266	2600.668457
3257.881836	2549.465576
3257.191406	2520.006592
3256.500977	2700.518555
3255.809570	2649.325684
3255.119141	2580.059570
3254.427734	2644.682129
3253.737305	2564.591797
3253.045898	2618.342529
3252.354492	2617.835449
3251.663086	2631.788818
3250.970703	2569.834473
3250.279297	2695.816162
3249.586914	2612.195068
3248.895508	2597.239746
3248.203125	2719.531006
3247.510742	2607.066162
3246.818359	2606.561035
3246.125977	2595.227539
3245.432617	2713.814941
3244.740234	2612.262207
3244.046875	2665.866943
3243.353516	2773.551270
3242.660156	2672.045654
3241.966797	2707.580566
3241.273438	2739.497070
3240.580078	2573.186523
3239.885742	2590.703369
3239.192383	2536.163574
3238.498047	2640.124023
3237.803711	2553.185303
3237.109375	2635.499512
3236.415039	2559.394531
3235.719727	2645.274170
3235.025391	2641.162598
3234.330078	2647.845459
3233.635742	2640.137695
3232.940430	2740.319580
3232.245117	2653.495117
3231.549805	2678.144043
3230.853516	2738.724121
3230.158203	2619.609375
3229.461914	2514.911621
3228.766602	2618.592285
3228.070313	2589.353027
3227.374023	2736.066406
3226.677734	2670.916016
3225.981445	2763.717529
3225.284180	2691.409668
3224.587891	2744.704590
3223.890625	2715.474121
3223.193359	2614.525635
3222.496094	2782.548340
3221.798828	2749.741943
3221.101563	2759.960449
3220.404297	2788.093262
3219.706055	2719.474854
3219.008789	2715.363770
3218.310547	2671.856934
3217.612305	2760.859375
3216.914063	2746.001709
3216.215820	2820.636719
3215.516602	2863.033691
3214.818359	2712.196533
3214.119141	2808.258789
3213.420898	2675.374268
3212.721680	2739.221680
3212.022461	2735.113281
3211.322266	2738.155518
3210.623047	2651.848389
3209.923828	2783.541260
3209.223633	2679.395996
3208.523438	2807.460205
3207.824219	2774.773193
3207.124023	2742.098877
3206.422852	2737.994873
3205.722656	2730.323242
3205.022461	2744.064697
3204.321289	2736.394775
3203.620117	2660.955078
3202.919922	2770.990723
3202.218750	2816.803223
3201.517578	2737.826660
3200.815430	2769.370361
3200.114258	2825.846191
3199.412109	2828.857910
3198.710938	2910.234375
3198.008789	2749.403564
3197.306641	2773.791992
3196.604492	2876.491211
3195.902344	2904.404541
3195.199219	2811.313232
3194.497070	2796.532959
3193.793945	2860.017090
3193.090820	2802.554199
3192.387695	2848.232910
3191.684570	2783.683838
3190.981445	2761.813477
3190.278320	2935.408447
3189.574219	2867.326660
3188.870117	2806.375977
3188.166992	2851.999268
3187.462891	3032.542236
3186.758789	2897.038330
3186.053711	2900.021484
3185.349609	2995.274902
3184.645508	2923.725098
3183.940430	2834.465332
3183.235352	2982.877441
3182.530273	2922.009766
3181.825195	2900.165527
3181.120117	2832.247803
3180.415039	2930.927002
3179.708984	2820.509277
3179.003906	2873.096924
3178.297852	2957.541748
3177.591797	2942.797363
3176.885742	2935.139893
3176.179688	2761.110596
3175.472656	2994.156494
3174.766602	2990.031250
3174.059570	3046.050293
3173.353516	3041.916260
3172.646484	3037.783447
3171.939453	3065.473877
3171.231445	2962.356934
3170.524414	3035.997070
3169.817383	2982.396973
3169.109375	2999.476563
3168.401367	2960.033447
3167.693359	3001.831299
3166.985352	2962.402588
3166.277344	3106.558594
3165.569336	3084.771973
3164.860352	3010.061523
3164.152344	3027.111084
3163.443359	3019.461670
3162.734375	3145.830322
3162.025391	2937.177002
3161.316406	3109.341064
3160.607422	3084.057617
3159.897461	3079.927490
3159.188477	3107.508057
3158.478516	3096.329346
3157.768555	3166.157959
3157.058594	3105.675293
3156.348633	3112.105225
3155.637695	3065.735840
3154.927734	3128.476318
3154.216797	3184.155029
3153.506836	3120.209717
3152.795898	3200.486816
3152.084961	3270.183105
3151.374023	3128.913818
3150.662109	3293.499756
3149.951172	3299.879639
3149.239258	3292.202393
3148.527344	3326.682129
3147.815430	3178.515381
3147.103516	3167.354248
3146.391602	3289.607422
3145.679688	3204.716553
3144.966797	3369.026367
3144.254883	3231.522217
3143.541992	3220.360596
3142.829102	3261.812988
3142.116211	3369.875000
3141.403320	3218.454346
3140.690430	3358.028809
3139.976563	3409.934082
3139.263672	3447.803223
3138.549805	3394.574707
3137.835938	3390.401611
3137.122070	3358.215576
3136.408203	3378.558350
3135.693359	3360.388428
3134.979492	3408.720215
3134.264648	3418.543213
3133.549805	3519.318604
3132.834961	3371.721680
3132.120117	3556.392578
3131.405273	3590.651367
3130.690430	3506.047363
3129.974609	3421.476563
3129.259766	3609.484619
3128.543945	3423.615234
3127.828125	3601.069580
3127.112305	3586.387695
3126.396484	3693.910889
3125.679688	3651.290283
3124.963867	3741.307129
3124.247070	3555.630859
3123.530273	3684.005371
3122.813477	3641.419434
3122.096680	3710.442383
3121.379883	3856.141846
3120.663086	3705.484131
3119.945313	3704.748779
3119.227539	3651.745850
3118.509766	3738.115723
3117.792969	3949.843018
3117.074219	3903.787109
3116.356445	3791.596436
3115.638672	3804.767090
3114.919922	3859.696289
3114.201172	3824.132568
3113.483398	3837.288086
3112.764648	3805.220703
3112.044922	3849.672363
3111.326172	3984.504639
3110.607422	3935.045166
3109.887695	3975.968018
3109.167969	3943.903320
3108.449219	4002.177979
3107.728516	4029.168457
3107.008789	3986.693115
3106.289063	4017.147217
3105.569336	4151.729492
3104.848633	4088.430176
3104.127930	4108.435059
3103.407227	4128.431152
3102.686523	4113.733887
3101.965820	4178.802734
3101.245117	4247.312988
3100.523438	4371.259766
3099.802734	4106.985840
3099.081055	3991.816895
3098.359375	4174.634277
3097.637695	4201.510254
3096.915039	4370.360352
3096.193359	4293.315430
3095.471680	4427.461914
3094.749023	4215.458008
3094.026367	4290.741211
3093.303711	4123.823242
3092.581055	4240.601074
3091.858398	4433.411621
3091.134766	4359.916992
3090.412109	4383.242188
3089.688477	4638.117676
3088.964844	4447.140137
3088.241211	4518.798828
3087.517578	4514.439941
3086.793945	4606.775879
3086.069336	4405.598145
3085.345703	4504.822266
3084.621094	4445.247070
3083.896484	4461.608887
3083.171875	4426.214844
3082.447266	4590.888672
3081.721680	4558.930664
3080.997070	4713.167480
3080.271484	4757.033691
3079.545898	4738.846680
3078.820313	4675.871094
3078.094727	4809.289063
3077.369141	4760.101563
3076.643555	4924.440430
3075.916992	4975.095215
3075.190430	4843.288086
3074.464844	4931.795410
3073.738281	5013.384766
3073.010742	4895.408691
3072.284180	5104.233887
3071.557617	5034.429688
3070.830078	5012.787598
3070.102539	5166.462402
3069.375977	5141.364258
3068.647461	5136.892090
3067.919922	5379.767090
3067.192383	5244.730469
3066.463867	5226.503418
3065.736328	5448.612305
3065.007813	5399.457031
3064.279297	5346.888672
3063.550781	5390.415039
3062.822266	5612.310059
3062.092773	5611.176758
3061.364258	5651.192871
3060.634766	5458.059082
3059.905273	5727.747070
3059.175781	5706.027344
3058.446289	5516.424316
3057.716797	5498.180664
3056.986328	5743.666016
3056.256836	5581.562988
3055.526367	5659.175781
3054.795898	5538.229004
3054.065430	5646.618164
3053.334961	5631.788574
3052.603516	5692.222168
3051.873047	5602.145996
3051.141602	5669.398926
3050.410156	5712.692871
3049.678711	5636.337891
3048.947266	5867.573730
3048.215820	5688.717773
3047.484375	5533.845703
3046.751953	5570.290039
3046.019531	5579.402832
3045.287109	5783.102051
3044.554688	5884.322754
3043.822266	5849.002441
3043.089844	5810.284180
3042.356445	5966.013672
3041.624023	5835.205078
3040.890625	5956.768066
3040.157227	5826.013184
3039.423828	6121.352051
3038.690430	5881.571777
3037.956055	6030.279785
3037.222656	5998.395508
3036.488281	5942.684570
3035.753906	6026.595215
3035.019531	6076.429199
3034.285156	6143.260254
3033.550781	6189.645996
3032.815430	6171.373535
3032.080078	6187.121094
3031.345703	6056.632324
3030.610352	6204.995605
3029.875000	6278.513672
3029.138672	6552.518555
3028.403320	6343.907227
3027.666992	6182.941406
3026.931641	6385.469238
3026.195313	6479.247070
3025.458984	6528.849121
3024.722656	6632.741211
3023.985352	6658.534180
3023.249023	6697.888184
3022.511719	6713.478516
3021.774414	6746.020508
3021.038086	6870.104492
3020.299805	6800.891113
3019.562500	7152.013672
3018.825195	6923.492188
3018.086914	7196.516113
3017.348633	7354.252441
3016.611328	7220.658203
3015.873047	7473.134277
3015.133789	7590.089355
3014.395508	7581.761230
3013.657227	7790.013184
3012.917969	7693.679688
3012.178711	7780.046875
3011.439453	8001.655273
3010.700195	7925.623047
3009.960938	8123.444824
3009.220703	8155.571777
3008.481445	8245.130859
3007.741211	8175.864258
3007.000977	8346.446289
3006.260742	8618.269531
3005.520508	8559.095703
3004.779297	8456.061523
3004.039063	8845.816406
3003.297852	9002.583008
3002.556641	8855.662109
3001.815430	9046.089844
3001.074219	9276.904297
3000.333008	9298.589844
2999.590820	9171.950195
2998.849609	9530.657227
2998.107422	9788.132813
2997.365234	9738.947266
2996.623047	10090.576172
2995.880859	10007.673828
2995.137695	10379.298828
2994.395508	10319.930664
2993.652344	10566.821289
2992.909180	11079.407227
2992.166016	10781.095703
2991.422852	10977.288086
2990.679688	11264.183594
2989.935547	11520.703125
2989.191406	11383.872070
2988.448242	11946.050781
2987.704102	11967.089844
2986.959961	12334.091797
2986.214844	12442.354492
2985.470703	12456.558594
2984.725586	12887.007813
2983.980469	13075.631836
2983.235352	13291.020508
2982.490234	13472.769531
2981.745117	13681.275391
2981.000000	13886.338867
2980.253906	13930.386719
2979.507813	14155.422852
2978.761719	14309.986328
2978.015625	14776.087891
2977.269531	15034.301758
2976.523438	15111.549805
2975.776367	15028.036133
2975.030273	15610.766602
2974.283203	15413.378906
2973.536133	15748.150391
2972.789063	16263.447266
2972.041016	16300.192383
2971.293945	16942.238281
2970.545898	16540.810547
2969.797852	16707.843750
2969.049805	16838.039063
2968.301758	17322.378906
2967.553711	17348.824219
2966.805664	17659.166016
2966.056641	17752.312500
2965.307617	17978.968750
2964.558594	17734.867188
2963.809570	18522.095703
2963.060547	18695.054688
2962.311523	18781.207031
2961.561523	19274.216797
2960.811523	19070.103516
2960.061523	19299.470703
2959.311523	19512.072266
2958.561523	19724.583984
2957.811523	19793.740234
2957.060547	20222.615234
2956.310547	20268.322266
2955.559570	20550.410156
2954.808594	20835.705078
2954.057617	20891.230469
2953.305664	21036.574219
2952.554688	21497.902344
2951.802734	21666.335938
2951.050781	22260.347656
2950.298828	22405.271484
2949.546875	22693.064453
2948.794922	22538.732422
2948.041992	23550.701172
2947.290039	23701.863281
2946.537109	23969.203125
2945.784180	23867.849609
2945.031250	24400.621094
2944.277344	24873.419922
2943.524414	25107.091797
2942.770508	25755.375000
2942.017578	25922.414063
2941.263672	26129.177734
2940.509766	26611.044922
2939.754883	26797.679688
2939.000977	27030.628906
2938.246094	27475.542969
2937.491211	27492.914063
2936.737305	27742.121094
2935.981445	27617.031250
2935.226563	27680.701172
2934.471680	27966.111328
2933.715820	27837.734375
2932.959961	27874.837891
2932.205078	28279.099609
2931.448242	28051.513672
2930.692383	28161.281250
2929.936523	27854.472656
2929.179688	27726.263672
2928.423828	27836.023438
2927.666992	27783.851563
2926.910156	28065.296875
2926.152344	27874.398438
2925.395508	27485.482422
2924.637695	27740.396484
2923.880859	28097.503906
2923.123047	27837.458984
2922.365234	27702.873047
2921.607422	27696.964844
2920.848633	27968.033203
2920.090820	27728.003906
2919.332031	27979.167969
2918.573242	28131.363281
2917.814453	27851.910156
2917.055664	27483.636719
2916.295898	27569.970703
2915.537109	27771.496094
2914.777344	28104.603516
2914.017578	27631.267578
2913.257813	27796.447266
2912.498047	27481.275391
2911.738281	27879.921875
2910.977539	27495.806641
2910.216797	27660.863281
2909.456055	27155.341797
2908.695313	27573.421875
2907.934570	27327.673828
2907.173828	27420.347656
2906.412109	27424.312500
2905.651367	27402.007813
2904.889648	27524.138672
2904.127930	27462.431641
2903.365234	27410.591797
2902.603516	27102.898438
2901.840820	27169.220703
2901.079102	27091.236328
2900.316406	26964.105469
2899.553711	27397.498047
2898.791016	27001.644531
2898.027344	26999.101563
2897.264648	26980.179688
2896.500977	26627.234375
2895.737305	26647.681641
2894.973633	26769.591797
2894.209961	26554.363281
2893.445313	26421.021484
2892.681641	26732.625000
2891.916992	25951.730469
2891.152344	26119.419922
2890.387695	26218.384766
2889.623047	25585.175781
2888.857422	26043.654297
2888.092773	25541.431641
2887.327148	25496.705078
2886.561523	25595.679688
2885.795898	25322.412109
2885.030273	24983.976563
2884.263672	25011.193359
2883.498047	25243.949219
2882.731445	24794.832031
2881.964844	24831.845703
2881.198242	24682.984375
2880.430664	24573.304688
2879.664063	24313.746094
2878.896484	24500.710938
2878.128906	24218.470703
2877.361328	23920.062500
2876.593750	23748.781250
2875.826172	23671.986328
2875.058594	23810.048828
2874.290039	23251.638672
2873.521484	23233.556641
2872.752930	23173.191406
2871.984375	23138.869141
2871.214844	22724.142578
2870.446289	22683.423828
2869.676758	22330.722656
2868.907227	22098.394531
2868.137695	21827.181641
2867.368164	21452.154297
2866.598633	20953.896484
2865.828125	20962.298828
2865.058594	20681.824219
2864.288086	20401.470703
2863.517578	20358.070313
2862.746094	20068.173828
2861.975586	19810.830078
2861.204102	19641.136719
2860.433594	19471.513672
2859.662109	19399.187500
2858.889648	19365.769531
2858.118164	19384.193359
2857.346680	18962.152344
2856.574219	19042.171875
2855.801758	18643.048828
2855.029297	18875.212891
2854.256836	18851.648438
2853.484375	18889.556641
2852.710938	18649.291016
2851.938477	18687.220703
2851.165039	18463.265625
2850.391602	18766.257813
2849.618164	18435.740234
2848.843750	18305.673828
2848.070313	17985.087891
2847.295898	17629.117188
2846.521484	17279.759766
2845.747070	16969.289063
2844.972656	16807.406250
2844.197266	16277.769531
2843.422852	15941.913086
2842.647461	15877.111328
2841.872070	15422.185547
2841.096680	15383.311523
2840.320313	14941.584961
2839.544922	14860.942383
2838.768555	14867.313477
2837.993164	14702.977539
2837.216797	14316.526367
2836.439453	14355.203125
2835.663086	14413.171875
2834.885742	14461.458984
2834.109375	14146.175781
2833.332031	14081.918945
2832.554688	13863.331055
2831.777344	14133.531250
2830.999023	14040.384766
2830.220703	13748.032227
2829.443359	13793.166016
2828.665039	13783.669922
2827.886719	13491.563477
2827.107422	13677.994141
2826.329102	13649.264648
2825.549805	13665.476563
2824.770508	13636.758789
2823.991211	13476.527344
2823.211914	13431.824219
2822.432617	13377.520508
2821.652344	13297.592773
2820.872070	13160.007813
2820.092773	13294.851563
2819.311523	13371.968750
2818.531250	13458.658203
2817.750977	13455.645508
2816.969727	13289.356445
2816.188477	13276.777344
2815.407227	13257.800781
2814.625977	13315.616211
2813.844727	13213.472656
2813.062500	13511.110352
2812.281250	13252.302734
2811.499023	13268.505859
2810.716797	13009.866211
2809.933594	13399.930664
2809.151367	13416.083984
2808.368164	13160.773438
2807.585938	13298.298828
2806.802734	13180.387695
2806.018555	13202.952148
2805.235352	13184.024414
2804.452148	13330.983398
2803.667969	12993.104492
2802.883789	13273.956055
2802.099609	13433.541016
2801.315430	13213.785156
2800.530273	13233.106445
2799.746094	13160.033203
2798.960938	13141.134766
2798.175781	13227.322266
2797.390625	13259.350586
2796.604492	13466.416016
2795.819336	13262.897461
2795.033203	13104.007813
2794.247070	13377.755859
2793.460938	13091.711914
2792.674805	13463.889648
2791.888672	13142.989258
2791.101563	13251.229492
2790.314453	13642.174805
2789.527344	13483.438477
2788.740234	13362.878906
2787.953125	13582.083984
2787.165039	13264.756836
2786.377930	13541.001953
2785.589844	13658.484375
2784.801758	13623.656250
2784.012695	13579.329102
2783.224609	13465.267578
2782.435547	13642.878906
2781.647461	13668.291992
2780.858398	13687.353516
2780.068359	13519.514648
2779.279297	13677.942383
2778.490234	13953.445313
2777.700195	13453.279297
2776.910156	13703.385742
2776.120117	13880.603516
2775.330078	13829.980469
2774.539063	14013.409180
2773.748047	14063.954102
2772.958008	14054.413086
2772.166992	14044.873047
2771.375000	14117.488281
2770.583984	14310.108398
2769.791992	14515.271484
2769.000977	14328.805664
2768.208984	14278.166016
2767.416992	14224.390625
2766.624023	14429.376953
2765.832031	14558.555664
