   9.1893526e-01	
   9.2378321e-01	
   9.2851217e-01	
   9.3312214e-01	
   9.3761314e-01	
   9.4198515e-01	
   9.4623817e-01	
   9.5037221e-01	
   9.5438727e-01	
   9.5828335e-01	
   9.6206044e-01	
   9.6571855e-01	
   9.6925767e-01	
   9.7280457e-01	
   9.7583650e-01	
   9.7890817e-01	
   9.8214971e-01	
   9.8480804e-01	
   9.8766355e-01	
   9.9053455e-01	
   9.9329704e-01	
   9.9610755e-01	
   9.9905955e-01	
   1.0013483e+00	
   1.0038362e+00	
   1.0063867e+00	
   1.0085241e+00	
   1.0108799e+00	
   1.0130801e+00	
   1.0155540e+00	
   1.0180091e+00	
   1.0202770e+00	
   1.0230828e+00	
   1.0248655e+00	
   1.0269333e+00	
   1.0294677e+00	
   1.0312977e+00	
   1.0331777e+00	
   1.0353792e+00	
   1.0378152e+00	
   1.0398129e+00	
   1.0421295e+00	
   1.0445873e+00	
   1.0470745e+00	
   1.0492921e+00	
   1.0520847e+00	
   1.0544940e+00	
   1.0570870e+00	
   1.0598199e+00	
   1.0621358e+00	
   1.0644126e+00	
   1.0671555e+00	
   1.0699134e+00	
   1.0728976e+00	
   1.0757950e+00	
   1.0782037e+00	
   1.0807827e+00	
   1.0829133e+00	
   1.0853352e+00	
   1.0881578e+00	
   1.0905758e+00	
   1.0934700e+00	
   1.0962108e+00	
   1.0983238e+00	
   1.1005581e+00	
   1.1030692e+00	
   1.1052577e+00	
   1.1076206e+00	
   1.1099910e+00	
   1.1129452e+00	
   1.1154767e+00	
   1.1184936e+00	
   1.1210527e+00	
   1.1236725e+00	
   1.1261582e+00	
   1.1288754e+00	
   1.1315300e+00	
   1.1341392e+00	
   1.1371442e+00	
   1.1398359e+00	
   1.1424402e+00	
   1.1452522e+00	
   1.1484530e+00	
   1.1511939e+00	
   1.1541443e+00	
   1.1569414e+00	
   1.1594798e+00	
   1.1620928e+00	
   1.1648179e+00	
   1.1677783e+00	
   1.1708410e+00	
   1.1740217e+00	
   1.1772837e+00	
   1.1805850e+00	
   1.1834183e+00	
   1.1863566e+00	
   1.1891529e+00	
   1.1919659e+00	
   1.1944682e+00	
   1.1967895e+00	
   1.1997463e+00	
   1.2026463e+00	
   1.2055167e+00	
   1.2079674e+00	
   1.2112421e+00	
   1.2141832e+00	
   1.2177557e+00	
   1.2203998e+00	
   1.2239282e+00	
   1.2274500e+00	
   1.2309512e+00	
   1.2341426e+00	
   1.2376404e+00	
   1.2411237e+00	
   1.2444660e+00	
   1.2477505e+00	
   1.2510044e+00	
   1.2540240e+00	
   1.2572898e+00	
   1.2602063e+00	
   1.2637628e+00	
   1.2664725e+00	
   1.2687945e+00	
   1.2712199e+00	
   1.2744347e+00	
   1.2769538e+00	
   1.2798464e+00	
   1.2823961e+00	
   1.2857991e+00	
   1.2884304e+00	
   1.2915042e+00	
   1.2943167e+00	
   1.2979649e+00	
   1.3016269e+00	
   1.3048526e+00	
   1.3082556e+00	
   1.3122272e+00	
   1.3156745e+00	
   1.3194256e+00	
   1.3230619e+00	
   1.3269300e+00	
   1.3303921e+00	
   1.3347122e+00	
   1.3382691e+00	
   1.3421783e+00	
   1.3455720e+00	
   1.3489720e+00	
   1.3520706e+00	
   1.3561849e+00	
   1.3596830e+00	
   1.3632231e+00	
   1.3668817e+00	
   1.3708365e+00	
   1.3743544e+00	
   1.3784520e+00	
   1.3827220e+00	
   1.3868845e+00	
   1.3908461e+00	
   1.3948225e+00	
   1.3993308e+00	
   1.4038533e+00	
   1.4084567e+00	
   1.4131170e+00	
   1.4173885e+00	
   1.4218490e+00	
   1.4257904e+00	
   1.4308731e+00	
   1.4352845e+00	
   1.4400788e+00	
   1.4446679e+00	
   1.4491063e+00	
   1.4530179e+00	
   1.4580437e+00	
   1.4620315e+00	
   1.4667485e+00	
   1.4711130e+00	
   1.4753992e+00	
   1.4797686e+00	
   1.4841759e+00	
   1.4881804e+00	
   1.4922550e+00	
   1.4966831e+00	
   1.5011692e+00	
   1.5057713e+00	
   1.5100774e+00	
   1.5147487e+00	
   1.5193613e+00	
   1.5237384e+00	
   1.5283689e+00	
   1.5327131e+00	
   1.5378238e+00	
   1.5426375e+00	
   1.5477388e+00	
   1.5523377e+00	
   1.5573716e+00	
   1.5619531e+00	
   1.5665408e+00	
   1.5713083e+00	
   1.5761141e+00	
   1.5803841e+00	
   1.5849080e+00	
   1.5899503e+00	
   1.5943754e+00	
   1.5989165e+00	
   1.6035260e+00	
   1.6080182e+00	
   1.6127269e+00	
   1.6172175e+00	
   1.6220927e+00	
   1.6271215e+00	
   1.6323778e+00	
   1.6366669e+00	
   1.6410489e+00	
   1.6456956e+00	
   1.6501799e+00	
   1.6548751e+00	
   1.6598485e+00	
   1.6647253e+00	
   1.6701356e+00	
   1.6746923e+00	
   1.6792147e+00	
   1.6843807e+00	
   1.6892511e+00	
   1.6937061e+00	
   1.6994471e+00	
   1.7046346e+00	
   1.7096721e+00	
   1.7151767e+00	
   1.7208677e+00	
   1.7263370e+00	
   1.7324746e+00	
   1.7383638e+00	
   1.7440626e+00	
   1.7504139e+00	
   1.7570175e+00	
   1.7624154e+00	
   1.7680460e+00	
   1.7742882e+00	
   1.7794820e+00	
   1.7852479e+00	
   1.7910610e+00	
   1.7964763e+00	
   1.8020475e+00	
   1.8070630e+00	
   1.8122664e+00	
   1.8172927e+00	
   1.8223545e+00	
   1.8275844e+00	
   1.8338408e+00	
   1.8389065e+00	
   1.8450882e+00	
   1.8507608e+00	
   1.8561092e+00	
   1.8611372e+00	
   1.8670979e+00	
   1.8721143e+00	
   1.8778208e+00	
   1.8841613e+00	
   1.8896836e+00	
   1.8944903e+00	
   1.8999496e+00	
   1.9055876e+00	
   1.9112696e+00	
   1.9172732e+00	
   1.9237878e+00	
   1.9303150e+00	
   1.9370775e+00	
   1.9435979e+00	
   1.9505353e+00	
   1.9570419e+00	
   1.9646008e+00	
   1.9724377e+00	
   1.9793513e+00	
   1.9870308e+00	
   1.9933924e+00	
   2.0001821e+00	
   2.0072553e+00	
   2.0138579e+00	
   2.0198625e+00	
   2.0254645e+00	
   2.0319982e+00	
   2.0384831e+00	
   2.0449082e+00	
   2.0516489e+00	
   2.0580827e+00	
   2.0644902e+00	
   2.0717873e+00	
   2.0782972e+00	
   2.0854463e+00	
   2.0924672e+00	
   2.0987810e+00	
   2.1054995e+00	
   2.1124532e+00	
   2.1190735e+00	
   2.1265174e+00	
   2.1334094e+00	
   2.1394187e+00	
   2.1467738e+00	
   2.1530105e+00	
   2.1608346e+00	
   2.1680557e+00	
   2.1746863e+00	
   2.1813980e+00	
   2.1889075e+00	
   2.1970233e+00	
   2.2054513e+00	
   2.2135126e+00	
   2.2196998e+00	
   2.2265867e+00	
   2.2336925e+00	
   2.2413376e+00	
   2.2477020e+00	
   2.2547140e+00	
   2.2616167e+00	
   2.2691727e+00	
   2.2762813e+00	
   2.2837567e+00	
   2.2915394e+00	
   2.2990018e+00	
   2.3057361e+00	
   2.3128891e+00	
   2.3206795e+00	
   2.3281065e+00	
   2.3356124e+00	
   2.3431151e+00	
   2.3508993e+00	
   2.3585876e+00	
   2.3663393e+00	
   2.3739279e+00	
   2.3819732e+00	
   2.3888349e+00	
   2.3951941e+00	
   2.4037019e+00	
   2.4110312e+00	
   2.4192865e+00	
   2.4273660e+00	
   2.4359039e+00	
   2.4439223e+00	
   2.4538833e+00	
   2.4612431e+00	
   2.4698587e+00	
   2.4786956e+00	
   2.4866934e+00	
   2.4955649e+00	
   2.5035834e+00	
   2.5107831e+00	
   2.5185046e+00	
   2.5269041e+00	
   2.5350721e+00	
   2.5435705e+00	
   2.5508218e+00	
   2.5592699e+00	
   2.5672613e+00	
   2.5754564e+00	
   2.5843281e+00	
   2.5934484e+00	
   2.6023369e+00	
   2.6122914e+00	
   2.6220822e+00	
   2.6324179e+00	
   2.6420585e+00	
   2.6519283e+00	
   2.6622151e+00	
   2.6706007e+00	
   2.6805917e+00	
   2.6901191e+00	
   2.6998554e+00	
   2.7094223e+00	
   2.7167515e+00	
   2.7259445e+00	
   2.7358768e+00	
   2.7466720e+00	
   2.7552576e+00	
   2.7636347e+00	
   2.7726298e+00	
   2.7831026e+00	
   2.7917768e+00	
   2.8007004e+00	
   2.8109104e+00	
   2.8200140e+00	
   2.8295996e+00	
   2.8412361e+00	
   2.8492611e+00	
   2.8584729e+00	
   2.8668968e+00	
   2.8754222e+00	
   2.8846275e+00	
   2.8928777e+00	
   2.9021116e+00	
   2.9113779e+00	
   2.9200907e+00	
   2.9295456e+00	
   2.9386421e+00	
   2.9481745e+00	
   2.9583270e+00	
   2.9680677e+00	
   2.9775692e+00	
   2.9888697e+00	
   2.9998354e+00	
   3.0088909e+00	
   3.0197102e+00	
   3.0304121e+00	
   3.0417962e+00	
   3.0527485e+00	
   3.0639675e+00	
   3.0745003e+00	
   3.0835376e+00	
   3.0941454e+00	
   3.1047183e+00	
   3.1154142e+00	
   3.1272134e+00	
   3.1367328e+00	
   3.1489518e+00	
   3.1603427e+00	
   3.1710484e+00	
   3.1827147e+00	
   3.1948257e+00	
   3.2068748e+00	
   3.2196728e+00	
   3.2327881e+00	
   3.2472446e+00	
   3.2609292e+00	
   3.2735915e+00	
   3.2881535e+00	
   3.3027839e+00	
   3.3150685e+00	
   3.3283047e+00	
   3.3416562e+00	
   3.3540178e+00	
   3.3648383e+00	
   3.3757972e+00	
   3.3873187e+00	
   3.3990209e+00	
   3.4106120e+00	
   3.4223630e+00	
   3.4329136e+00	
   3.4454206e+00	
   3.4565641e+00	
   3.4679984e+00	
   3.4802232e+00	
   3.4934571e+00	
   3.5061546e+00	
   3.5203054e+00	
   3.5359763e+00	
   3.5524539e+00	
   3.5678821e+00	
   3.5825195e+00	
   3.5964772e+00	
   3.6099629e+00	
   3.6235866e+00	
   3.6387966e+00	
   3.6549839e+00	
   3.6696739e+00	
   3.6857558e+00	
   3.7018180e+00	
   3.7202671e+00	
   3.7379713e+00	
   3.7525609e+00	
   3.7694236e+00	
   3.7860061e+00	
   3.8041153e+00	
   3.8197413e+00	
   3.8383597e+00	
   3.8566317e+00	
   3.8731291e+00	
   3.8930616e+00	
   3.9117855e+00	
   3.9313034e+00	
   3.9491652e+00	
   3.9658959e+00	
   3.9836948e+00	
   4.0021538e+00	
   4.0210778e+00	
   4.0410904e+00	
   4.0623014e+00	
   4.0820533e+00	
   4.1014178e+00	
   4.1224754e+00	
   4.1401571e+00	
   4.1626731e+00	
   4.1814832e+00	
   4.1990292e+00	
   4.2189086e+00	
   4.2380900e+00	
   4.2556778e+00	
   4.2730863e+00	
   4.2917330e+00	
   4.3060934e+00	
   4.3224534e+00	
   4.3404449e+00	
   4.3551741e+00	
   4.3732414e+00	
   4.3890915e+00	
   4.4048061e+00	
   4.4215459e+00	
   4.4364942e+00	
   4.4506815e+00	
   4.4686130e+00	
   4.4841634e+00	
   4.4977524e+00	
   4.5169406e+00	
   4.5326258e+00	
   4.5484847e+00	
   4.5666533e+00	
   4.5833345e+00	
   4.6010957e+00	
   4.6176119e+00	
   4.6362586e+00	
   4.6527599e+00	
   4.6703895e+00	
   4.6860890e+00	
   4.7036515e+00	
   4.7224584e+00	
   4.7400448e+00	
   4.7579751e+00	
   4.7765781e+00	
   4.7948113e+00	
   4.8116720e+00	
   4.8309512e+00	
   4.8504958e+00	
   4.8687073e+00	
   4.8866863e+00	
   4.9026837e+00	
   4.9206505e+00	
   4.9413141e+00	
   4.9577087e+00	
   4.9762720e+00	
   4.9932204e+00	
   5.0157909e+00	
   5.0355913e+00	
   5.0556064e+00	
   5.0800004e+00	
   5.1005702e+00	
   5.1193799e+00	
   5.1399989e+00	
   5.1607799e+00	
   5.1821167e+00	
   5.2044431e+00	
   5.2232142e+00	
   5.2456015e+00	
   5.2685506e+00	
   5.2895147e+00	
   5.3103463e+00	
   5.3300799e+00	
   5.3466352e+00	
   5.3665142e+00	
   5.3858762e+00	
   5.4035143e+00	
   5.4188635e+00	
   5.4341461e+00	
   5.4509053e+00	
   5.4658738e+00	
   5.4834363e+00	
   5.4999065e+00	
   5.5143977e+00	
   5.5327037e+00	
   5.5452458e+00	
   5.5601386e+00	
   5.5731765e+00	
   5.5908226e+00	
   5.6072580e+00	
   5.6199042e+00	
   5.6341632e+00	
   5.6527792e+00	
   5.6700355e+00	
   5.6878827e+00	
   5.7053993e+00	
   5.7192442e+00	
   5.7361375e+00	
   5.7547375e+00	
   5.7690111e+00	
   5.7856265e+00	
   5.8024729e+00	
   5.8209728e+00	
   5.8420374e+00	
   5.8575764e+00	
   5.8722557e+00	
   5.8893190e+00	
   5.9002236e+00	
   5.9184123e+00	
   5.9320349e+00	
   5.9484029e+00	
   5.9626003e+00	
   5.9815512e+00	
   5.9941023e+00	
   6.0092751e+00	
   6.0275664e+00	
   6.0470967e+00	
   6.0626776e+00	
   6.0765654e+00	
   6.0905170e+00	
   6.1063119e+00	
   6.1236599e+00	
   6.1401534e+00	
   6.1563472e+00	
   6.1740612e+00	
   6.1907841e+00	
   6.2081187e+00	
   6.2275660e+00	
   6.2389190e+00	
   6.2493458e+00	
   6.2649343e+00	
   6.2788731e+00	
   6.2968328e+00	
   6.3104805e+00	
   6.3285641e+00	
   6.3434904e+00	
   6.3602151e+00	
   6.3759925e+00	
   6.3921478e+00	
   6.4088255e+00	
   6.4234778e+00	
   6.4398691e+00	
   6.4574864e+00	
   6.4753614e+00	
   6.4960491e+00	
   6.5144251e+00	
   6.5334762e+00	
   6.5554794e+00	
   6.5740448e+00	
   6.5948535e+00	
   6.6140739e+00	
   6.6321042e+00	
   6.6481449e+00	
   6.6711608e+00	
   6.6902972e+00	
   6.7091885e+00	
   6.7275589e+00	
   6.7443826e+00	
   6.7654285e+00	
   6.7854220e+00	
   6.8029003e+00	
   6.8198696e+00	
   6.8356355e+00	
   6.8517467e+00	
   6.8693038e+00	
   6.8882394e+00	
   6.8997217e+00	
   6.9131645e+00	
   6.9295227e+00	
   6.9489966e+00	
   6.9660363e+00	
   6.9829910e+00	
   6.9943530e+00	
   7.0123326e+00	
   7.0297555e+00	
   7.0453219e+00	
   7.0742722e+00	
   7.1010735e+00	
   7.1205924e+00	
   7.1442059e+00	
   7.1637268e+00	
   7.1878221e+00	
   7.2114819e+00	
   7.2299219e+00	
   7.2486619e+00	
   7.2649416e+00	
   7.2833450e+00	
   7.2997265e+00	
   7.3222641e+00	
   7.3368534e+00	
   7.3529440e+00	
   7.3742483e+00	
   7.3957500e+00	
   7.4200134e+00	
   7.4424203e+00	
   7.4595844e+00	
   7.4767919e+00	
   7.5016323e+00	
   7.5254960e+00	
   7.5514616e+00	
   7.5852854e+00	
   7.6089186e+00	
   7.6286489e+00	
   7.6439664e+00	
   7.6629659e+00	
   7.6856316e+00	
   7.7034761e+00	
   7.7215721e+00	
   7.7410784e+00	
   7.7548241e+00	
   7.7755514e+00	
   7.7950115e+00	
   7.8199465e+00	
   7.8400729e+00	
   7.8603201e+00	
   7.8852324e+00	
   7.9053479e+00	
   7.9255589e+00	
   7.9457936e+00	
   7.9654553e+00	
   7.9865892e+00	
   8.0163270e+00	
   8.0402992e+00	
   8.0627969e+00	
   8.0901063e+00	
   8.1113427e+00	
   8.1284208e+00	
   8.1488986e+00	
   8.1762533e+00	
   8.2032661e+00	
   8.2260666e+00	
   8.2516040e+00	
   8.2743352e+00	
   8.2975239e+00	
   8.3227708e+00	
   8.3447352e+00	
   8.3691504e+00	
   8.3912548e+00	
   8.4070183e+00	
   8.4348612e+00	
   8.4537255e+00	
   8.4720768e+00	
   8.4943720e+00	
   8.5182567e+00	
   8.5387462e+00	
   8.5636747e+00	
   8.5835307e+00	
   8.6066769e+00	
   8.6310528e+00	
   8.6563909e+00	
   8.6732543e+00	
   8.7007983e+00	
   8.7231221e+00	
   8.7523218e+00	
   8.7733645e+00	
   8.8009854e+00	
   8.8294121e+00	
   8.8485495e+00	
   8.8738034e+00	
   8.8962638e+00	
   8.9259794e+00	
   8.9478433e+00	
   8.9727314e+00	
   8.9999366e+00	
   9.0209296e+00	
   9.0478139e+00	
   9.0723492e+00	
   9.1009557e+00	
   9.1189416e+00	
   9.1396735e+00	
   9.1601240e+00	
   9.1859002e+00	
   9.2093990e+00	
   9.2321684e+00	
   9.2482906e+00	
   9.2748523e+00	
   9.2984028e+00	
   9.3233819e+00	
   9.3480948e+00	
   9.3747541e+00	
   9.4039950e+00	
   9.4279892e+00	
   9.4637578e+00	
   9.4959390e+00	
   9.5246094e+00	
   9.5518416e+00	
   9.5816778e+00	
   9.6052728e+00	
   9.6420641e+00	
   9.6744556e+00	
   9.6975233e+00	
   9.7280293e+00	
   9.7431953e+00	
   9.7769298e+00	
   9.8022368e+00	
   9.8294321e+00	
   9.8555137e+00	
   9.8773591e+00	
   9.9022929e+00	
   9.9273596e+00	
   9.9532837e+00	
   9.9767300e+00	
   1.0008163e+01	
   1.0041354e+01	
   1.0069707e+01	
   1.0106008e+01	
   1.0136197e+01	
   1.0156254e+01	
   1.0179258e+01	
   1.0208951e+01	
   1.0237218e+01	
   1.0271540e+01	
   1.0308489e+01	
   1.0336852e+01	
   1.0365088e+01	
   1.0401473e+01	
   1.0425572e+01	
   1.0471926e+01	
   1.0496860e+01	
   1.0528411e+01	
   1.0563122e+01	
   1.0593174e+01	
   1.0622868e+01	
   1.0652506e+01	
   1.0687620e+01	
   1.0717340e+01	
   1.0750018e+01	
   1.0777888e+01	
   1.0807960e+01	
   1.0833073e+01	
   1.0857544e+01	
   1.0892344e+01	
   1.0921261e+01	
   1.0954593e+01	
   1.0990592e+01	
   1.1019221e+01	
   1.1054350e+01	
   1.1091106e+01	
   1.1129101e+01	
   1.1162109e+01	
   1.1193115e+01	
   1.1234721e+01	
   1.1259294e+01	
   1.1289970e+01	
   1.1322290e+01	
   1.1354958e+01	
   1.1393508e+01	
   1.1417941e+01	
   1.1451805e+01	
   1.1476037e+01	
   1.1498827e+01	
   1.1529987e+01	
   1.1572964e+01	
   1.1609745e+01	
   1.1656098e+01	
   1.1706732e+01	
   1.1744469e+01	
   1.1794103e+01	
   1.1833042e+01	
   1.1876363e+01	
   1.1914724e+01	
   1.1959008e+01	
   1.2000499e+01	
   1.2039450e+01	
   1.2078050e+01	
   1.2121103e+01	
   1.2167916e+01	
   1.2206645e+01	
   1.2243429e+01	
   1.2288348e+01	
   1.2328572e+01	
   1.2360100e+01	
   1.2402246e+01	
   1.2435600e+01	
   1.2471714e+01	
   1.2515989e+01	
   1.2553264e+01	
   1.2590458e+01	
   1.2622045e+01	
   1.2653875e+01	
   1.2689950e+01	
   1.2718189e+01	
   1.2731689e+01	
   1.2757501e+01	
   1.2780319e+01	
   1.2825365e+01	
   1.2854810e+01	
   1.2888320e+01	
   1.2927511e+01	
   1.2976584e+01	
   1.3021918e+01	
   1.3051924e+01	
   1.3093833e+01	
   1.3153724e+01	
   1.3195862e+01	
   1.3243807e+01	
   1.3291309e+01	
   1.3332689e+01	
   1.3372674e+01	
   1.3410862e+01	
   1.3451455e+01	
   1.3490996e+01	
   1.3536863e+01	
   1.3572911e+01	
   1.3619977e+01	
   1.3640438e+01	
   1.3653297e+01	
   1.3695887e+01	
   1.3736394e+01	
   1.3767194e+01	
   1.3804370e+01	
   1.3839286e+01	
   1.3881411e+01	
   1.3918769e+01	
   1.3957139e+01	
   1.3993178e+01	
   1.4046587e+01	
   1.4101199e+01	
   1.4147281e+01	
   1.4195491e+01	
   1.4248900e+01	
   1.4291212e+01	
   1.4341976e+01	
   1.4397427e+01	
   1.4454219e+01	
   1.4508614e+01	
   1.4565112e+01	
   1.4611308e+01	
   1.4658797e+01	
   1.4683685e+01	
   1.4729198e+01	
   1.4772628e+01	
   1.4821254e+01	
   1.4862729e+01	
   1.4910418e+01	
   1.4942450e+01	
   1.4995424e+01	
   1.5050419e+01	
   1.5102699e+01	
   1.5157246e+01	
   1.5220093e+01	
   1.5269131e+01	
   1.5326100e+01	
   1.5365207e+01	
   1.5419505e+01	
   1.5461320e+01	
   1.5524778e+01	
   1.5589447e+01	
   1.5645106e+01	
   1.5699316e+01	
   1.5756524e+01	
   1.5801988e+01	
   1.5861648e+01	
   1.5899276e+01	
   1.5966065e+01	
   1.6010663e+01	
   1.6069731e+01	
   1.6119563e+01	
   1.6178777e+01	
   1.6228970e+01	
   1.6284403e+01	
   1.6336243e+01	
   1.6405644e+01	
   1.6464431e+01	
   1.6516485e+01	
   1.6572365e+01	
   1.6634342e+01	
   1.6675860e+01	
   1.6740574e+01	
   1.6797413e+01	
   1.6858754e+01	
   1.6917132e+01	
   1.6981525e+01	
   1.7045071e+01	
   1.7104072e+01	
   1.7176815e+01	
   1.7256439e+01	
   1.7302811e+01	
   1.7371968e+01	
   1.7428904e+01	
   1.7495557e+01	
   1.7559818e+01	
   1.7605700e+01	
   1.7663830e+01	
   1.7728791e+01	
   1.7805029e+01	
   1.7871188e+01	
   1.7912826e+01	
   1.7967877e+01	
   1.8026211e+01	
   1.8080730e+01	
   1.8126393e+01	
   1.8183680e+01	
   1.8224467e+01	
   1.8274292e+01	
   1.8338331e+01	
   1.8413515e+01	
   1.8475254e+01	
   1.8536213e+01	
   1.8604369e+01	
   1.8651233e+01	
   1.8712085e+01	
   1.8777594e+01	
   1.8845622e+01	
   1.8883890e+01	
   1.8929266e+01	
   1.8984630e+01	
   1.9047230e+01	
   1.9096768e+01	
   1.9138879e+01	
   1.9176886e+01	
   1.9226421e+01	
   1.9272283e+01	
   1.9315682e+01	
   1.9374488e+01	
   1.9404561e+01	
   1.9456944e+01	
   1.9507782e+01	
   1.9586996e+01	
   1.9639239e+01	
   1.9702404e+01	
   1.9750986e+01	
   1.9794477e+01	
   1.9834282e+01	
   1.9895508e+01	
   1.9972821e+01	
   2.0010779e+01	
   2.0064938e+01	
   2.0112702e+01	
   2.0173031e+01	
   2.0238905e+01	
   2.0297360e+01	
   2.0360853e+01	
   2.0420897e+01	
   2.0485498e+01	
   2.0551101e+01	
   2.0603578e+01	
   2.0664362e+01	
   2.0739083e+01	
   2.0799971e+01	
   2.0867197e+01	
   2.0935585e+01	
   2.1005133e+01	
   2.1075843e+01	
   2.1147713e+01	
   2.1220745e+01	
   2.1294937e+01	
   2.1370290e+01	
   2.1446805e+01	
   2.1524480e+01	
   2.1603316e+01	
   2.1683313e+01	
