   1.4010102e+02	
   7.2266911e+01	
   4.4328060e+00	
  -6.3401299e+01	
  -1.3123540e+02	
  -1.9654911e+02	
  -3.5120755e+02	
  -4.3219734e+02	
  -5.0383260e+02	
  -5.7935800e+02	
  -6.9065988e+02	
  -8.3503888e+02	
  -9.6827230e+02	
  -9.7885529e+02	
  -3.2964957e+03	
  -3.6046743e+03	
  -1.0176888e+04	
  -9.4731578e+03	
  -9.1988259e+03	
  -8.8710882e+03	
  -8.6500578e+03	
  -8.7406057e+03	
  -8.5510638e+03	
  -6.0725587e+03	
  -5.5637774e+03	
   1.1380999e+03	
   5.3033135e+02	
   3.5223121e+02	
   1.5335485e+02	
   9.2201659e+01	
   3.9446701e+02	
   2.8874672e+02	
   2.0142441e+02	
   1.6196429e+02	
   1.1816796e+02	
   9.7718574e+01	
   8.0280954e+01	
   6.5297137e+01	
   5.1856972e+01	
   4.1187083e+01	
   3.2766080e+01	
   2.5687560e+01	
   2.0170878e+01	
   1.6122189e+01	
   1.2958316e+01	
   1.0319864e+01	
   8.3075882e+00	
   6.7609735e+00	
   5.5861553e+00	
   4.6331922e+00	
   3.8966180e+00	
   3.3242252e+00	
   2.8753099e+00	
   2.5304966e+00	
   2.2610706e+00	
   2.0523357e+00	
   1.8902647e+00	
   1.7620237e+00	
   1.6628479e+00	
   1.5833480e+00	
   1.5206132e+00	
   1.4705219e+00	
   1.4315456e+00	
   1.3995919e+00	
   1.3735915e+00	
   1.3521878e+00	
   1.3357135e+00	
   1.3222195e+00	
   1.3119117e+00	
   1.3034050e+00	
   1.2970790e+00	
   1.2927785e+00	
   1.2891927e+00	
   1.2849141e+00	
   1.2813438e+00	
   1.2792893e+00	
   1.2763836e+00	
   1.2732548e+00	
   1.2711925e+00	
   1.2687134e+00	
   1.2658737e+00	
   1.2627019e+00	
   1.2606070e+00	
   1.2594941e+00	
   1.2579981e+00	
   1.2565385e+00	
   1.2553613e+00	
   1.2536833e+00	
   1.2528321e+00	
   1.2514072e+00	
   1.2498614e+00	
   1.2485152e+00	
   1.2466778e+00	
   1.2444739e+00	
   1.2425870e+00	
   1.2408094e+00	
   1.2383766e+00	
   1.2367852e+00	
   1.2343051e+00	
   1.2312801e+00	
   1.2274859e+00	
   1.2236194e+00	
   1.2197327e+00	
   1.2162898e+00	
   1.2118341e+00	
   1.2081658e+00	
   1.2038217e+00	
   1.2003311e+00	
   1.1967072e+00	
   1.1943482e+00	
   1.1912200e+00	
   1.1887917e+00	
   1.1859449e+00	
   1.1834864e+00	
   1.1811909e+00	
   1.1780376e+00	
   1.1755990e+00	
   1.1747177e+00	
   1.1720471e+00	
   1.1702637e+00	
   1.1686500e+00	
   1.1668981e+00	
   1.1660773e+00	
   1.1641665e+00	
   1.1640325e+00	
   1.1639073e+00	
   1.1618355e+00	
   1.1615180e+00	
   1.1612693e+00	
   1.1606612e+00	
   1.1602837e+00	
   1.1592511e+00	
   1.1592558e+00	
   1.1579271e+00	
   1.1557603e+00	
   1.1557366e+00	
   1.1550686e+00	
   1.1547047e+00	
   1.1543848e+00	
   1.1539308e+00	
   1.1540536e+00	
   1.1541155e+00	
   1.1548277e+00	
   1.1555463e+00	
   1.1552276e+00	
   1.1559185e+00	
   1.1560089e+00	
   1.1560306e+00	
   1.1562409e+00	
   1.1566825e+00	
   1.1563693e+00	
   1.1566001e+00	
   1.1568770e+00	
   1.1571262e+00	
   1.1571311e+00	
   1.1573260e+00	
   1.1573596e+00	
   1.1566200e+00	
   1.1559801e+00	
   1.1557591e+00	
   1.1551487e+00	
   1.1540660e+00	
   1.1538156e+00	
   1.1530913e+00	
   1.1522276e+00	
   1.1513452e+00	
   1.1506078e+00	
   1.1500918e+00	
   1.1494425e+00	
   1.1490442e+00	
   1.1486233e+00	
   1.1474986e+00	
   1.1465683e+00	
   1.1453365e+00	
   1.1446470e+00	
   1.1446472e+00	
   1.1439074e+00	
   1.1432767e+00	
   1.1426381e+00	
   1.1422862e+00	
   1.1418054e+00	
   1.1411583e+00	
   1.1413853e+00	
   1.1413960e+00	
   1.1418093e+00	
   1.1415331e+00	
   1.1414867e+00	
   1.1408368e+00	
   1.1402120e+00	
   1.1395792e+00	
   1.1395647e+00	
   1.1385698e+00	
   1.1383926e+00	
   1.1369045e+00	
   1.1366256e+00	
   1.1359217e+00	
   1.1351078e+00	
   1.1344207e+00	
   1.1346498e+00	
   1.1334481e+00	
   1.1326800e+00	
   1.1308178e+00	
   1.1293126e+00	
   1.1273157e+00	
   1.1259247e+00	
   1.1243497e+00	
   1.1226703e+00	
   1.1205308e+00	
   1.1192363e+00	
   1.1179879e+00	
   1.1164704e+00	
   1.1149119e+00	
   1.1137211e+00	
   1.1118853e+00	
   1.1101625e+00	
   1.1090337e+00	
   1.1074408e+00	
   1.1058477e+00	
   1.1034959e+00	
   1.1021269e+00	
   1.1009169e+00	
   1.0992839e+00	
   1.0977420e+00	
   1.0967113e+00	
   1.0949327e+00	
   1.0938144e+00	
   1.0925077e+00	
   1.0921913e+00	
   1.0911474e+00	
   1.0902205e+00	
   1.0896306e+00	
   1.0892121e+00	
   1.0882647e+00	
   1.0877875e+00	
   1.0866685e+00	
   1.0860571e+00	
   1.0849402e+00	
   1.0840708e+00	
   1.0830524e+00	
   1.0820275e+00	
   1.0816661e+00	
   1.0808598e+00	
   1.0805195e+00	
   1.0801594e+00	
   1.0799045e+00	
   1.0799686e+00	
   1.0801083e+00	
   1.0806068e+00	
   1.0805334e+00	
   1.0797329e+00	
   1.0799663e+00	
   1.0799888e+00	
   1.0800558e+00	
   1.0799864e+00	
   1.0798386e+00	
   1.0793305e+00	
   1.0787942e+00	
   1.0792713e+00	
   1.0794746e+00	
   1.0792182e+00	
   1.0791914e+00	
   1.0793738e+00	
   1.0794514e+00	
   1.0794669e+00	
   1.0796594e+00	
   1.0794109e+00	
   1.0785713e+00	
   1.0779833e+00	
   1.0777444e+00	
   1.0769466e+00	
   1.0763073e+00	
   1.0758522e+00	
   1.0750075e+00	
   1.0743157e+00	
   1.0741920e+00	
   1.0739479e+00	
   1.0735153e+00	
   1.0725795e+00	
   1.0720526e+00	
   1.0713449e+00	
   1.0697100e+00	
   1.0689395e+00	
   1.0683343e+00	
   1.0670758e+00	
   1.0656159e+00	
   1.0644938e+00	
   1.0634884e+00	
   1.0622154e+00	
   1.0607442e+00	
   1.0596512e+00	
   1.0579640e+00	
   1.0561655e+00	
   1.0545440e+00	
   1.0535891e+00	
   1.0521339e+00	
   1.0506985e+00	
   1.0492713e+00	
   1.0485307e+00	
   1.0476083e+00	
   1.0466413e+00	
   1.0453082e+00	
   1.0441525e+00	
   1.0424956e+00	
   1.0410838e+00	
   1.0392155e+00	
   1.0379955e+00	
   1.0364407e+00	
   1.0346281e+00	
   1.0332580e+00	
   1.0320094e+00	
   1.0306141e+00	
   1.0293178e+00	
   1.0279714e+00	
   1.0275991e+00	
   1.0267510e+00	
   1.0257925e+00	
   1.0256311e+00	
   1.0249212e+00	
   1.0242649e+00	
   1.0241488e+00	
   1.0236993e+00	
   1.0235206e+00	
   1.0226066e+00	
   1.0219853e+00	
   1.0222173e+00	
   1.0213250e+00	
   1.0209359e+00	
   1.0205804e+00	
   1.0203375e+00	
   1.0201161e+00	
   1.0200393e+00	
   1.0200730e+00	
   1.0193866e+00	
   1.0187732e+00	
   1.0191074e+00	
   1.0188204e+00	
   1.0195080e+00	
   1.0197229e+00	
   1.0196716e+00	
   1.0197113e+00	
   1.0198106e+00	
   1.0206525e+00	
   1.0203382e+00	
   1.0202009e+00	
   1.0204570e+00	
   1.0196671e+00	
   1.0192092e+00	
   1.0193814e+00	
   1.0195398e+00	
   1.0198445e+00	
   1.0192308e+00	
   1.0186393e+00	
   1.0185765e+00	
   1.0187642e+00	
   1.0193145e+00	
   1.0193793e+00	
   1.0195465e+00	
   1.0191047e+00	
   1.0188758e+00	
   1.0187184e+00	
   1.0195525e+00	
   1.0189837e+00	
   1.0181671e+00	
   1.0174599e+00	
   1.0164708e+00	
   1.0156434e+00	
   1.0153639e+00	
   1.0147328e+00	
   1.0142879e+00	
   1.0136638e+00	
   1.0131309e+00	
   1.0128125e+00	
   1.0119430e+00	
   1.0114080e+00	
   1.0105413e+00	
   1.0097207e+00	
   1.0084500e+00	
   1.0077156e+00	
   1.0062483e+00	
   1.0054687e+00	
   1.0041168e+00	
   1.0034327e+00	
   1.0029412e+00	
   1.0022925e+00	
   1.0014999e+00	
   1.0011311e+00	
   1.0001711e+00	
   9.9965532e-01	
   9.9884703e-01	
   9.9857578e-01	
   9.9747660e-01	
   9.9642534e-01	
   9.9564828e-01	
   9.9439558e-01	
   9.9376567e-01	
   9.9303648e-01	
   9.9197351e-01	
   9.9133359e-01	
   9.9063879e-01	
   9.9042575e-01	
   9.9005844e-01	
   9.8952225e-01	
   9.8909645e-01	
   9.8847789e-01	
   9.8837466e-01	
   9.8883224e-01	
   9.8881022e-01	
   9.8887462e-01	
   9.8862244e-01	
   9.8861934e-01	
   9.8858291e-01	
   9.8900279e-01	
   9.8897784e-01	
   9.8934548e-01	
   9.8873478e-01	
   9.8886997e-01	
   9.8836165e-01	
   9.8834775e-01	
   9.8818339e-01	
   9.8849620e-01	
   9.8835804e-01	
   9.8863158e-01	
   9.8812042e-01	
   9.8802948e-01	
   9.8754767e-01	
   9.8765173e-01	
   9.8764170e-01	
   9.8792461e-01	
   9.8757479e-01	
   9.8784306e-01	
   9.8750001e-01	
   9.8803626e-01	
   9.8904899e-01	
   9.8936062e-01	
   9.8966905e-01	
   9.9030308e-01	
   9.9038923e-01	
   9.9092816e-01	
   9.9097458e-01	
   9.9157688e-01	
   9.9126856e-01	
   9.9026929e-01	
   9.9056694e-01	
   9.9054557e-01	
   9.8985510e-01	
   9.8948577e-01	
   9.8902940e-01	
   9.8855478e-01	
   9.8836731e-01	
   9.8815492e-01	
   9.8840447e-01	
   9.8794883e-01	
   9.8803566e-01	
   9.8807987e-01	
   9.8802849e-01	
   9.8787671e-01	
   9.8816201e-01	
   9.8751236e-01	
   9.8721042e-01	
   9.8714444e-01	
   9.8693708e-01	
   9.8637866e-01	
   9.8597129e-01	
   9.8568784e-01	
   9.8567416e-01	
   9.8528839e-01	
   9.8523839e-01	
   9.8514600e-01	
   9.8430575e-01	
   9.8387988e-01	
   9.8355149e-01	
   9.8287808e-01	
   9.8217061e-01	
   9.8143418e-01	
   9.8074883e-01	
   9.8005811e-01	
   9.7938036e-01	
   9.7929081e-01	
   9.7905354e-01	
   9.7837278e-01	
   9.7846712e-01	
   9.7841517e-01	
   9.7828861e-01	
   9.7843867e-01	
   9.7847694e-01	
   9.7835127e-01	
   9.7852234e-01	
   9.7827965e-01	
   9.7841229e-01	
   9.7816996e-01	
   9.7841704e-01	
   9.7856805e-01	
   9.7808369e-01	
   9.7793958e-01	
   9.7815389e-01	
   9.7786116e-01	
   9.7781544e-01	
   9.7772601e-01	
   9.7821912e-01	
   9.7796433e-01	
   9.7781816e-01	
   9.7796623e-01	
   9.7827068e-01	
   9.7828343e-01	
   9.7850266e-01	
   9.7910698e-01	
   9.7912891e-01	
   9.7915967e-01	
   9.7951222e-01	
   9.7967808e-01	
   9.8031977e-01	
   9.8045281e-01	
   9.8098915e-01	
   9.8134549e-01	
   9.8138884e-01	
   9.8198367e-01	
   9.8273929e-01	
   9.8326400e-01	
   9.8401859e-01	
   9.8445656e-01	
   9.8557970e-01	
   9.8640932e-01	
   9.8710765e-01	
   9.8841539e-01	
   9.8933976e-01	
   9.8939479e-01	
   9.9042521e-01	
   9.9102542e-01	
   9.9129352e-01	
   9.9130200e-01	
   9.9169021e-01	
   9.9197650e-01	
   9.9195051e-01	
   9.9256059e-01	
   9.9315089e-01	
   9.9314474e-01	
   9.9346622e-01	
   9.9405399e-01	
   9.9487050e-01	
   9.9537542e-01	
   9.9641727e-01	
   9.9707503e-01	
   9.9774295e-01	
   9.9878826e-01	
   9.9936234e-01	
   9.9984462e-01	
   1.0006096e+00	
   1.0010851e+00	
   1.0013622e+00	
   1.0010901e+00	
   1.0010253e+00	
   1.0009195e+00	
   1.0003018e+00	
   1.0005903e+00	
   1.0011834e+00	
   1.0014015e+00	
   1.0014698e+00	
   1.0018480e+00	
   1.0024773e+00	
   1.0032855e+00	
   1.0039904e+00	
   1.0046590e+00	
   1.0049063e+00	
   1.0048211e+00	
   1.0047972e+00	
   1.0047665e+00	
   1.0047672e+00	
   1.0049784e+00	
   1.0048214e+00	
   1.0044092e+00	
   1.0042260e+00	
   1.0037773e+00	
   1.0032015e+00	
   1.0026880e+00	
   1.0022004e+00	
   1.0016820e+00	
   1.0006373e+00	
   9.9988325e-01	
   9.9922858e-01	
   9.9908748e-01	
   9.9887429e-01	
   9.9890086e-01	
   9.9868939e-01	
   9.9863921e-01	
   9.9871831e-01	
   9.9900168e-01	
   9.9943638e-01	
   9.9971891e-01	
   9.9968552e-01	
   9.9969721e-01	
   9.9978215e-01	
   9.9980897e-01	
   9.9967719e-01	
   9.9939943e-01	
   9.9923849e-01	
   9.9859582e-01	
   9.9815353e-01	
   9.9726321e-01	
   9.9679669e-01	
   9.9634193e-01	
   9.9591262e-01	
   9.9596053e-01	
   9.9571268e-01	
   9.9562328e-01	
   9.9559616e-01	
   9.9547083e-01	
   9.9587376e-01	
   9.9638073e-01	
   9.9706643e-01	
   9.9752073e-01	
   9.9765938e-01	
   9.9814504e-01	
   9.9868933e-01	
   9.9919801e-01	
   9.9940450e-01	
   1.0000385e+00	
   1.0001559e+00	
   9.9965980e-01	
   9.9987865e-01	
   9.9973615e-01	
   9.9958278e-01	
   9.9944423e-01	
   9.9910061e-01	
   9.9916251e-01	
   9.9896020e-01	
   9.9852683e-01	
   9.9868881e-01	
   9.9872136e-01	
   9.9903225e-01	
   9.9917642e-01	
   9.9940467e-01	
   1.0002930e+00	
   1.0011676e+00	
   1.0021341e+00	
   1.0034802e+00	
   1.0044477e+00	
   1.0050771e+00	
   1.0057580e+00	
   1.0064260e+00	
   1.0073003e+00	
   1.0075090e+00	
   1.0077878e+00	
   1.0078834e+00	
   1.0086234e+00	
   1.0092103e+00	
   1.0100790e+00	
   1.0107298e+00	
   1.0115024e+00	
   1.0115910e+00	
   1.0122555e+00	
   1.0129033e+00	
   1.0132909e+00	
   1.0132335e+00	
   1.0134971e+00	
   1.0136826e+00	
   1.0137574e+00	
   1.0139501e+00	
   1.0139589e+00	
   1.0138948e+00	
   1.0140921e+00	
   1.0144457e+00	
   1.0141468e+00	
   1.0138373e+00	
   1.0135995e+00	
   1.0140403e+00	
   1.0142825e+00	
   1.0142967e+00	
   1.0146860e+00	
   1.0146596e+00	
   1.0151180e+00	
   1.0163559e+00	
   1.0177131e+00	
   1.0186751e+00	
   1.0197437e+00	
   1.0208844e+00	
   1.0225520e+00	
   1.0234670e+00	
   1.0249021e+00	
   1.0255787e+00	
   1.0261226e+00	
   1.0259687e+00	
   1.0258736e+00	
   1.0258115e+00	
   1.0256485e+00	
   1.0254166e+00	
   1.0253967e+00	
   1.0251167e+00	
   1.0255693e+00	
   1.0261802e+00	
   1.0275645e+00	
   1.0287167e+00	
   1.0296590e+00	
   1.0305360e+00	
   1.0317505e+00	
   1.0329575e+00	
   1.0340316e+00	
   1.0347522e+00	
   1.0348048e+00	
   1.0345174e+00	
   1.0344336e+00	
   1.0342151e+00	
   1.0338079e+00	
   1.0339826e+00	
   1.0339073e+00	
   1.0341502e+00	
   1.0344436e+00	
   1.0352171e+00	
   1.0360783e+00	
   1.0375646e+00	
   1.0385894e+00	
   1.0403263e+00	
   1.0415517e+00	
   1.0427091e+00	
   1.0439065e+00	
   1.0447879e+00	
   1.0453613e+00	
   1.0460396e+00	
   1.0463259e+00	
   1.0465201e+00	
   1.0465043e+00	
   1.0460954e+00	
   1.0460405e+00	
   1.0458990e+00	
   1.0461164e+00	
   1.0461520e+00	
   1.0465639e+00	
   1.0468394e+00	
   1.0479704e+00	
   1.0492150e+00	
   1.0507964e+00	
   1.0522268e+00	
   1.0537729e+00	
   1.0546213e+00	
   1.0562749e+00	
   1.0576530e+00	
   1.0594423e+00	
   1.0605138e+00	
   1.0612942e+00	
   1.0623032e+00	
   1.0628991e+00	
   1.0632227e+00	
   1.0635474e+00	
   1.0637304e+00	
   1.0635123e+00	
   1.0635110e+00	
   1.0634434e+00	
   1.0636159e+00	
   1.0632752e+00	
   1.0634740e+00	
   1.0637975e+00	
   1.0645989e+00	
   1.0649909e+00	
   1.0659850e+00	
   1.0667143e+00	
   1.0680333e+00	
   1.0692675e+00	
   1.0711009e+00	
   1.0727232e+00	
   1.0743748e+00	
   1.0760862e+00	
   1.0773960e+00	
   1.0786639e+00	
   1.0797342e+00	
   1.0805560e+00	
   1.0814106e+00	
   1.0816616e+00	
   1.0820983e+00	
   1.0819681e+00	
   1.0818769e+00	
   1.0823315e+00	
   1.0826487e+00	
   1.0831129e+00	
   1.0832022e+00	
   1.0832710e+00	
   1.0834457e+00	
   1.0837007e+00	
   1.0843951e+00	
   1.0852737e+00	
   1.0858259e+00	
   1.0863128e+00	
   1.0867910e+00	
   1.0874222e+00	
   1.0886979e+00	
   1.0893272e+00	
   1.0904568e+00	
   1.0917072e+00	
   1.0925230e+00	
   1.0937319e+00	
   1.0947141e+00	
   1.0955926e+00	
   1.0970325e+00	
   1.0973361e+00	
   1.0985711e+00	
   1.0992426e+00	
   1.0993739e+00	
   1.0995172e+00	
   1.1000639e+00	
   1.1004540e+00	
   1.1008767e+00	
   1.1009412e+00	
   1.1012285e+00	
   1.1011855e+00	
   1.1015690e+00	
   1.1022497e+00	
   1.1031053e+00	
   1.1036532e+00	
   1.1041406e+00	
   1.1047405e+00	
   1.1048225e+00	
   1.1050562e+00	
   1.1054163e+00	
   1.1055136e+00	
   1.1060533e+00	
   1.1064272e+00	
   1.1065010e+00	
   1.1074128e+00	
   1.1083207e+00	
   1.1101209e+00	
   1.1119097e+00	
   1.1135172e+00	
   1.1148361e+00	
   1.1157269e+00	
   1.1168522e+00	
   1.1179005e+00	
   1.1183345e+00	
   1.1186841e+00	
   1.1185534e+00	
   1.1184508e+00	
   1.1186769e+00	
   1.1187851e+00	
   1.1188809e+00	
   1.1193955e+00	
   1.1200786e+00	
   1.1212805e+00	
   1.1222780e+00	
   1.1236800e+00	
   1.1252086e+00	
   1.1263303e+00	
   1.1275034e+00	
   1.1287154e+00	
   1.1298302e+00	
   1.1309125e+00	
   1.1317902e+00	
   1.1333369e+00	
   1.1349758e+00	
   1.1365370e+00	
   1.1383111e+00	
   1.1403667e+00	
   1.1423643e+00	
   1.1444730e+00	
   1.1462473e+00	
   1.1480713e+00	
   1.1495696e+00	
   1.1502060e+00	
   1.1508533e+00	
   1.1515019e+00	
   1.1516120e+00	
   1.1519090e+00	
   1.1514516e+00	
   1.1516102e+00	
   1.1520322e+00	
   1.1525423e+00	
   1.1538043e+00	
   1.1553052e+00	
   1.1565921e+00	
   1.1585019e+00	
   1.1609755e+00	
   1.1636102e+00	
   1.1661891e+00	
   1.1679296e+00	
   1.1695158e+00	
   1.1708700e+00	
   1.1724655e+00	
   1.1741625e+00	
   1.1760123e+00	
   1.1768986e+00	
   1.1775090e+00	
   1.1780539e+00	
   1.1790927e+00	
   1.1798269e+00	
   1.1807386e+00	
   1.1811588e+00	
   1.1814498e+00	
   1.1813134e+00	
   1.1816022e+00	
   1.1821426e+00	
   1.1831028e+00	
   1.1837000e+00	
   1.1846803e+00	
   1.1853526e+00	
   1.1859853e+00	
   1.1870202e+00	
   1.1885253e+00	
   1.1902828e+00	
   1.1928074e+00	
   1.1950550e+00	
   1.1975531e+00	
   1.1998271e+00	
   1.2020363e+00	
   1.2046620e+00	
   1.2066347e+00	
   1.2085639e+00	
   1.2093930e+00	
   1.2101724e+00	
   1.2105609e+00	
   1.2110889e+00	
   1.2113548e+00	
   1.2121210e+00	
   1.2121599e+00	
   1.2132679e+00	
   1.2133748e+00	
   1.2146799e+00	
   1.2150606e+00	
   1.2160936e+00	
   1.2172204e+00	
   1.2188601e+00	
   1.2207443e+00	
   1.2232346e+00	
   1.2251101e+00	
   1.2277257e+00	
   1.2300495e+00	
   1.2323659e+00	
   1.2344760e+00	
   1.2362813e+00	
   1.2376901e+00	
   1.2391140e+00	
   1.2397769e+00	
   1.2403132e+00	
   1.2408046e+00	
   1.2405404e+00	
   1.2413633e+00	
   1.2418977e+00	
   1.2423412e+00	
   1.2431855e+00	
   1.2435791e+00	
   1.2444348e+00	
   1.2453513e+00	
   1.2465097e+00	
   1.2481839e+00	
   1.2492151e+00	
   1.2507506e+00	
   1.2524940e+00	
   1.2541900e+00	
   1.2559090e+00	
   1.2582286e+00	
   1.2602643e+00	
   1.2623927e+00	
   1.2642973e+00	
   1.2666320e+00	
   1.2688717e+00	
   1.2706283e+00	
   1.2728597e+00	
   1.2739590e+00	
   1.2743657e+00	
   1.2756086e+00	
   1.2760252e+00	
   1.2772805e+00	
   1.2781689e+00	
   1.2784553e+00	
   1.2791881e+00	
   1.2794908e+00	
   1.2806879e+00	
   1.2823307e+00	
   1.2836287e+00	
   1.2853979e+00	
   1.2871217e+00	
   1.2886982e+00	
   1.2905860e+00	
   1.2927609e+00	
   1.2949880e+00	
   1.2974844e+00	
   1.3000764e+00	
   1.3026784e+00	
   1.3053362e+00	
   1.3071664e+00	
   1.3095697e+00	
   1.3120711e+00	
   1.3138600e+00	
   1.3155858e+00	
   1.3172969e+00	
   1.3183637e+00	
   1.3196096e+00	
   1.3214988e+00	
   1.3232665e+00	
   1.3245492e+00	
   1.3254737e+00	
   1.3270886e+00	
   1.3281467e+00	
   1.3287309e+00	
   1.3298253e+00	
   1.3305852e+00	
   1.3310653e+00	
   1.3323207e+00	
   1.3337336e+00	
   1.3352547e+00	
   1.3366423e+00	
   1.3388113e+00	
   1.3410344e+00	
   1.3432381e+00	
   1.3460971e+00	
   1.3487414e+00	
   1.3513329e+00	
   1.3537713e+00	
   1.3564262e+00	
   1.3593264e+00	
   1.3613298e+00	
   1.3636682e+00	
   1.3659659e+00	
   1.3677486e+00	
   1.3698552e+00	
   1.3711231e+00	
   1.3717563e+00	
   1.3720885e+00	
   1.3730418e+00	
   1.3743265e+00	
   1.3754185e+00	
   1.3770988e+00	
   1.3785067e+00	
   1.3788924e+00	
   1.3804968e+00	
   1.3828686e+00	
   1.3847570e+00	
   1.3862793e+00	
   1.3879989e+00	
   1.3898613e+00	
   1.3913517e+00	
   1.3932862e+00	
   1.3960187e+00	
   1.3983963e+00	
   1.4007154e+00	
   1.4033703e+00	
   1.4057380e+00	
   1.4080556e+00	
   1.4096080e+00	
   1.4108258e+00	
   1.4122161e+00	
   1.4137026e+00	
   1.4144125e+00	
   1.4148637e+00	
   1.4157457e+00	
   1.4163065e+00	
   1.4168304e+00	
   1.4177925e+00	
   1.4185818e+00	
   1.4194693e+00	
   1.4203879e+00	
   1.4217847e+00	
   1.4234688e+00	
   1.4251046e+00	
   1.4279104e+00	
   1.4304945e+00	
   1.4337578e+00	
   1.4378890e+00	
   1.4413203e+00	
   1.4439954e+00	
   1.4465147e+00	
   1.4482021e+00	
   1.4494507e+00	
   1.4494973e+00	
   1.4497627e+00	
   1.4496430e+00	
   1.4489086e+00	
   1.4483259e+00	
   1.4483306e+00	
   1.4485449e+00	
   1.4495876e+00	
   1.4512505e+00	
   1.4532270e+00	
   1.4552648e+00	
   1.4579171e+00	
   1.4604942e+00	
   1.4632633e+00	
   1.4656519e+00	
   1.4678648e+00	
   1.4706539e+00	
   1.4735376e+00	
   1.4759110e+00	
   1.4786596e+00	
   1.4809762e+00	
   1.4829219e+00	
   1.4841633e+00	
   1.4858256e+00	
   1.4878395e+00	
   1.4891226e+00	
   1.4897215e+00	
   1.4900727e+00	
   1.4902181e+00	
   1.4892429e+00	
   1.4885733e+00	
   1.4886670e+00	
   1.4886280e+00	
   1.4886192e+00	
   1.4889862e+00	
   1.4900562e+00	
   1.4915575e+00	
   1.4930755e+00	
   1.4954905e+00	
   1.4976764e+00	
   1.4994543e+00	
   1.5014526e+00	
   1.5034774e+00	
   1.5047061e+00	
   1.5059110e+00	
   1.5076176e+00	
   1.5093865e+00	
   1.5116564e+00	
   1.5145398e+00	
   1.5178707e+00	
   1.5215878e+00	
   1.5253119e+00	
   1.5298251e+00	
   1.5345374e+00	
   1.5381870e+00	
   1.5415104e+00	
   1.5435892e+00	
   1.5455249e+00	
   1.5470169e+00	
   1.5472452e+00	
   1.5475525e+00	
   1.5477061e+00	
   1.5474407e+00	
   1.5481212e+00	
   1.5493875e+00	
   1.5517559e+00	
   1.5532192e+00	
   1.5562202e+00	
   1.5597768e+00	
   1.5630869e+00	
   1.5666126e+00	
   1.5709809e+00	
   1.5756648e+00	
   1.5798971e+00	
   1.5839395e+00	
   1.5885860e+00	
   1.5923910e+00	
   1.5966239e+00	
   1.6007829e+00	
   1.6038574e+00	
   1.6052363e+00	
   1.6058844e+00	
   1.6061478e+00	
   1.6058527e+00	
   1.6056840e+00	
   1.6062227e+00	
   1.6068108e+00	
   1.6076338e+00	
   1.6098677e+00	
   1.6134501e+00	
   1.6182363e+00	
   1.6228316e+00	
   1.6285268e+00	
   1.6340067e+00	
   1.6383664e+00	
   1.6422048e+00	
   1.6460623e+00	
   1.6489233e+00	
   1.6504733e+00	
   1.6510679e+00	
   1.6526469e+00	
   1.6531878e+00	
   1.6542835e+00	
   1.6551765e+00	
   1.6566915e+00	
   1.6577591e+00	
   1.6587991e+00	
   1.6607049e+00	
   1.6626973e+00	
   1.6639404e+00	
   1.6672963e+00	
   1.6704811e+00	
   1.6752819e+00	
   1.6804880e+00	
   1.6860270e+00	
   1.6915430e+00	
   1.6959796e+00	
   1.7004969e+00	
   1.7049539e+00	
   1.7075090e+00	
   1.7090207e+00	
   1.7088508e+00	
   1.7084359e+00	
   1.7082360e+00	
   1.7094861e+00	
   1.7121934e+00	
   1.7157507e+00	
   1.7206342e+00	
   1.7258219e+00	
   1.7316513e+00	
   1.7382212e+00	
   1.7437731e+00	
   1.7486066e+00	
   1.7524318e+00	
   1.7553538e+00	
   1.7574527e+00	
   1.7590287e+00	
   1.7602368e+00	
   1.7608149e+00	
   1.7611797e+00	
   1.7612936e+00	
   1.7630160e+00	
   1.7648174e+00	
   1.7670228e+00	
   1.7690722e+00	
   1.7712421e+00	
   1.7741356e+00	
   1.7780756e+00	
   1.7824059e+00	
   1.7883689e+00	
   1.7937492e+00	
   1.7986485e+00	
   1.8040523e+00	
   1.8090436e+00	
   1.8132326e+00	
   1.8163363e+00	
   1.8188119e+00	
   1.8200554e+00	
   1.8202233e+00	
   1.8205140e+00	
   1.8206541e+00	
   1.8207106e+00	
   1.8217080e+00	
   1.8230562e+00	
   1.8264377e+00	
   1.8300708e+00	
   1.8347144e+00	
   1.8394369e+00	
   1.8446009e+00	
   1.8504533e+00	
   1.8557857e+00	
   1.8604799e+00	
   1.8656596e+00	
   1.8688283e+00	
   1.8722240e+00	
   1.8753360e+00	
   1.8789386e+00	
   1.8814229e+00	
   1.8838039e+00	
   1.8865529e+00	
   1.8897309e+00	
   1.8922091e+00	
   1.8965919e+00	
   1.9016978e+00	
   1.9061742e+00	
   1.9102050e+00	
   1.9147325e+00	
   1.9189119e+00	
   1.9234529e+00	
   1.9271032e+00	
   1.9310895e+00	
   1.9329923e+00	
   1.9336690e+00	
   1.9354825e+00	
   1.9372537e+00	
   1.9384199e+00	
   1.9396813e+00	
   1.9407721e+00	
   1.9417307e+00	
   1.9434535e+00	
   1.9457317e+00	
   1.9490803e+00	
   1.9519806e+00	
   1.9559251e+00	
   1.9603279e+00	
   1.9659028e+00	
   1.9711168e+00	
   1.9768582e+00	
   1.9817063e+00	
   1.9873151e+00	
   1.9925989e+00	
   1.9977976e+00	
   2.0024299e+00	
   2.0064940e+00	
   2.0098173e+00	
   2.0131587e+00	
   2.0169707e+00	
   2.0208309e+00	
   2.0245442e+00	
   2.0274221e+00	
   2.0305600e+00	
   2.0325982e+00	
   2.0346509e+00	
   2.0366432e+00	
   2.0397113e+00	
   2.0423099e+00	
   2.0447430e+00	
   2.0475985e+00	
   2.0503396e+00	
   2.0532006e+00	
   2.0577538e+00	
   2.0626785e+00	
   2.0678173e+00	
   2.0722571e+00	
   2.0765208e+00	
   2.0817004e+00	
   2.0865216e+00	
   2.0918844e+00	
   2.0975395e+00	
   2.1021840e+00	
   2.1069043e+00	
   2.1109081e+00	
   2.1155031e+00	
   2.1199010e+00	
   2.1232311e+00	
   2.1258035e+00	
   2.1282410e+00	
   2.1303834e+00	
   2.1318690e+00	
   2.1328460e+00	
   2.1343376e+00	
   2.1358536e+00	
   2.1379092e+00	
   2.1412354e+00	
   2.1468841e+00	
   2.1530391e+00	
   2.1591494e+00	
   2.1645334e+00	
   2.1704673e+00	
   2.1761119e+00	
   2.1808028e+00	
   2.1844106e+00	
   2.1871674e+00	
   2.1879673e+00	
   2.1888562e+00	
   2.1895384e+00	
   2.1927589e+00	
   2.1951647e+00	
   2.1981677e+00	
   2.2020805e+00	
   2.2079606e+00	
   2.2139325e+00	
   2.2200479e+00	
   2.2255087e+00	
   9.8111134e-01	
  -2.6509656e-01	
  -1.5114590e+00	
  -2.7590252e+00	
  -4.0081724e+00	
  -5.2589777e+00	
  -6.5105917e+00	
  -7.7630162e+00	
  -9.0157587e+00	
  -9.0195028e+00	
  -9.0232415e+00	
  -9.0269749e+00	
  -9.0307029e+00	
  -9.0344254e+00	
  -9.0381427e+00	
  -9.0418545e+00	
  -9.0455610e+00	
  -9.0492621e+00	
  -9.0529578e+00	
  -9.0566481e+00	
  -9.0603331e+00	
  -9.0640127e+00	
  -9.0676870e+00	
  -9.0713558e+00	
  -9.0750193e+00	
  -9.0786774e+00	
  -9.0823302e+00	
  -9.0859776e+00	
  -9.0896196e+00	
  -9.0932563e+00	
  -9.0968875e+00	
  -9.1005135e+00	
  -9.1041340e+00	
  -9.1077492e+00	
  -9.1113591e+00	
  -9.1149636e+00	
  -9.1185627e+00	
  -9.1221564e+00	
  -9.1257448e+00	
  -9.1293279e+00	
  -9.1329056e+00	
  -9.1364779e+00	
  -9.1400449e+00	
  -9.1436065e+00	
  -9.1471628e+00	
  -9.1507137e+00	
  -9.1542593e+00	
  -9.1577996e+00	
  -9.1613344e+00	
  -9.1648640e+00	
  -9.1683882e+00	
  -9.1719070e+00	
  -9.1754205e+00	
  -9.1789287e+00	
  -9.1824315e+00	
  -9.1859290e+00	
  -9.1894211e+00	
  -9.1929079e+00	
  -9.1963894e+00	
  -9.1998655e+00	
  -9.2033363e+00	
  -9.2068018e+00	
  -9.2102620e+00	
  -9.2137168e+00	
  -9.2171662e+00	
  -9.2206104e+00	
  -9.2240492e+00	
  -9.2274827e+00	
  -9.2309109e+00	
  -9.2343338e+00	
  -9.2377513e+00	
  -9.2411635e+00	
  -9.2445704e+00	
  -9.2479720e+00	
  -9.2513683e+00	
  -9.2547593e+00	
  -9.2581449e+00	
  -9.2615252e+00	
  -9.2649003e+00	
  -9.2682700e+00	
  -9.2716344e+00	
  -9.2749935e+00	
  -9.2783473e+00	
  -9.2816958e+00	
  -9.2850390e+00	
  -9.2883769e+00	
  -9.2917095e+00	
  -9.2950369e+00	
  -9.2983589e+00	
  -9.3016756e+00	
  -9.3049870e+00	
  -9.3082932e+00	
  -9.3115941e+00	
  -9.3148896e+00	
  -9.3181799e+00	
  -9.3214649e+00	
  -9.3247447e+00	
  -9.3280191e+00	
  -9.3312883e+00	
  -9.3345522e+00	
  -9.3378108e+00	
  -9.3410642e+00	
  -9.3443123e+00	
  -9.3475551e+00	
  -9.3507926e+00	
  -9.3540249e+00	
  -9.3572519e+00	
  -9.3604737e+00	
  -9.3636902e+00	
  -9.3669014e+00	
  -9.3701074e+00	
  -9.3733082e+00	
  -9.3765036e+00	
  -9.3796939e+00	
  -9.3828789e+00	
  -9.3860586e+00	
  -9.3892331e+00	
  -9.3924023e+00	
  -9.3955664e+00	
  -9.3987251e+00	
  -9.4018787e+00	
  -9.4050270e+00	
  -9.4081700e+00	
  -9.4113079e+00	
  -9.4144405e+00	
  -9.4175679e+00	
  -9.4206900e+00	
  -9.4238070e+00	
  -9.4269187e+00	
  -9.4300252e+00	
  -9.4331265e+00	
  -9.4362225e+00	
  -9.4393134e+00	
  -9.4423990e+00	
  -9.4454795e+00	
  -9.4485547e+00	
  -9.4516247e+00	
  -9.4546896e+00	
  -9.4577518e+00	
  -9.4608140e+00	
  -9.4638762e+00	
  -9.4669385e+00	
