  -1.2416052e+02	
  -1.5608117e+02	
  -1.8800181e+02	
  -2.1992246e+02	
  -2.5184310e+02	
  -2.8899269e+02	
  -3.0247023e+02	
  -2.9730240e+02	
  -3.0007833e+02	
  -3.1026725e+02	
  -3.1308330e+02	
  -3.1433060e+02	
  -3.2632599e+02	
  -3.2101493e+02	
  -3.3075681e+02	
  -3.3189290e+02	
  -3.4393801e+02	
  -3.5512928e+02	
  -3.5393912e+02	
  -3.6439377e+02	
  -3.7392574e+02	
  -3.7588009e+02	
  -3.8777462e+02	
  -3.9646644e+02	
  -4.1277344e+02	
  -4.2164714e+02	
  -4.3532928e+02	
  -4.5697897e+02	
  -4.7850937e+02	
  -5.2403481e+02	
  -5.6598031e+02	
  -6.0667248e+02	
  -6.5647146e+02	
  -9.7469994e+02	
  -1.1407160e+03	
  -1.3342098e+03	
  -1.0396476e+03	
  -7.0060486e+02	
  -5.3114360e+02	
  -3.8894117e+02	
  -2.5849176e+02	
  -1.2252661e+02	
   2.7842776e+02	
   5.1470284e+02	
   7.8386233e+02	
   5.6332481e+02	
   3.0405051e+02	
   2.3157465e+02	
   1.8480810e+02	
   1.4561188e+02	
   1.1198690e+02	
   8.7427179e+01	
   6.8671066e+01	
   5.5122337e+01	
   4.4482436e+01	
   3.5250967e+01	
   2.8293523e+01	
   2.2896251e+01	
   1.8586787e+01	
   1.5181794e+01	
   1.2358914e+01	
   1.0186654e+01	
   8.4273816e+00	
   7.0302353e+00	
   5.9009943e+00	
   5.0026734e+00	
   4.2836424e+00	
   3.6993027e+00	
   3.2306424e+00	
   2.8516923e+00	
   2.5461083e+00	
   2.3052948e+00	
   2.1121206e+00	
   1.9599067e+00	
   1.8412763e+00	
   1.7506071e+00	
   1.6815892e+00	
   1.6312304e+00	
   1.5958428e+00	
   1.5700123e+00	
   1.5520666e+00	
   1.5406826e+00	
   1.5347130e+00	
   1.5305501e+00	
   1.5286296e+00	
   1.5266422e+00	
   1.5243016e+00	
   1.5218681e+00	
   1.5198887e+00	
   1.5163145e+00	
   1.5117020e+00	
   1.5062657e+00	
   1.4995629e+00	
   1.4911493e+00	
   1.4820150e+00	
   1.4711651e+00	
   1.4590980e+00	
   1.4468161e+00	
   1.4358445e+00	
   1.4269689e+00	
   1.4198267e+00	
   1.4145737e+00	
   1.4101510e+00	
   1.4074415e+00	
   1.4050822e+00	
   1.4036250e+00	
   1.4026010e+00	
   1.4007386e+00	
   1.3972987e+00	
   1.3926028e+00	
   1.3864832e+00	
   1.3803701e+00	
   1.3733778e+00	
   1.3672306e+00	
   1.3610104e+00	
   1.3543645e+00	
   1.3486660e+00	
   1.3426306e+00	
   1.3363213e+00	
   1.3303643e+00	
   1.3238919e+00	
   1.3189318e+00	
   1.3138588e+00	
   1.3097424e+00	
   1.3059456e+00	
   1.3017862e+00	
   1.2985261e+00	
   1.2949664e+00	
   1.2922033e+00	
   1.2904007e+00	
   1.2883238e+00	
   1.2864257e+00	
   1.2848164e+00	
   1.2837751e+00	
   1.2824713e+00	
   1.2809803e+00	
   1.2814047e+00	
   1.2818000e+00	
   1.2820258e+00	
   1.2829877e+00	
   1.2839644e+00	
   1.2843723e+00	
   1.2844437e+00	
   1.2858579e+00	
   1.2876518e+00	
   1.2883237e+00	
   1.2897422e+00	
   1.2913255e+00	
   1.2922012e+00	
   1.2939662e+00	
   1.2961912e+00	
   1.2985332e+00	
   1.2999394e+00	
   1.3017745e+00	
   1.3033741e+00	
   1.3039270e+00	
   1.3050113e+00	
   1.3057926e+00	
   1.3055506e+00	
   1.3054867e+00	
   1.3052768e+00	
   1.3048670e+00	
   1.3041505e+00	
   1.3032517e+00	
   1.3018502e+00	
   1.3002926e+00	
   1.2983544e+00	
   1.2965545e+00	
   1.2943418e+00	
   1.2920675e+00	
   1.2890376e+00	
   1.2862022e+00	
   1.2833255e+00	
   1.2814872e+00	
   1.2787618e+00	
   1.2759508e+00	
   1.2727675e+00	
   1.2696955e+00	
   1.2670421e+00	
   1.2650246e+00	
   1.2625678e+00	
   1.2592068e+00	
   1.2561478e+00	
   1.2535425e+00	
   1.2513300e+00	
   1.2493720e+00	
   1.2474753e+00	
   1.2452269e+00	
   1.2430626e+00	
   1.2405980e+00	
   1.2390318e+00	
   1.2368305e+00	
   1.2350441e+00	
   1.2322308e+00	
   1.2303197e+00	
   1.2284030e+00	
   1.2261896e+00	
   1.2243901e+00	
   1.2236543e+00	
   1.2227503e+00	
   1.2222574e+00	
   1.2205699e+00	
   1.2201031e+00	
   1.2187555e+00	
   1.2178206e+00	
   1.2172842e+00	
   1.2165591e+00	
   1.2151861e+00	
   1.2136636e+00	
   1.2123738e+00	
   1.2114667e+00	
   1.2102719e+00	
   1.2095111e+00	
   1.2087201e+00	
   1.2077963e+00	
   1.2069200e+00	
   1.2063453e+00	
   1.2060800e+00	
   1.2047930e+00	
   1.2043029e+00	
   1.2038744e+00	
   1.2034881e+00	
   1.2023101e+00	
   1.2012552e+00	
   1.2004407e+00	
   1.1990526e+00	
   1.1975357e+00	
   1.1966548e+00	
   1.1946405e+00	
   1.1936522e+00	
   1.1918962e+00	
   1.1907465e+00	
   1.1893600e+00	
   1.1873071e+00	
   1.1853500e+00	
   1.1833965e+00	
   1.1804043e+00	
   1.1783238e+00	
   1.1749092e+00	
   1.1722164e+00	
   1.1696762e+00	
   1.1670076e+00	
   1.1653211e+00	
   1.1635887e+00	
   1.1623657e+00	
   1.1623218e+00	
   1.1619612e+00	
   1.1620860e+00	
   1.1620179e+00	
   1.1615730e+00	
   1.1613353e+00	
   1.1603216e+00	
   1.1590962e+00	
   1.1575424e+00	
   1.1558920e+00	
   1.1540454e+00	
   1.1521067e+00	
   1.1506440e+00	
   1.1490427e+00	
   1.1475348e+00	
   1.1456793e+00	
   1.1438697e+00	
   1.1429237e+00	
   1.1419625e+00	
   1.1403807e+00	
   1.1392181e+00	
   1.1378424e+00	
   1.1362919e+00	
   1.1346943e+00	
   1.1331937e+00	
   1.1319457e+00	
   1.1302482e+00	
   1.1288160e+00	
   1.1280109e+00	
   1.1267246e+00	
   1.1252545e+00	
   1.1239896e+00	
   1.1228267e+00	
   1.1219203e+00	
   1.1209002e+00	
   1.1195274e+00	
   1.1178914e+00	
   1.1164136e+00	
   1.1151922e+00	
   1.1135321e+00	
   1.1120156e+00	
   1.1105644e+00	
   1.1089604e+00	
   1.1074441e+00	
   1.1061173e+00	
   1.1047773e+00	
   1.1033107e+00	
   1.1017432e+00	
   1.1002592e+00	
   1.0989136e+00	
   1.0972460e+00	
   1.0962183e+00	
   1.0951484e+00	
   1.0939704e+00	
   1.0924005e+00	
   1.0905728e+00	
   1.0889269e+00	
   1.0873016e+00	
   1.0855085e+00	
   1.0840202e+00	
   1.0822821e+00	
   1.0800762e+00	
   1.0785850e+00	
   1.0766937e+00	
   1.0754736e+00	
   1.0743022e+00	
   1.0732287e+00	
   1.0724233e+00	
   1.0715916e+00	
   1.0707193e+00	
   1.0700215e+00	
   1.0687829e+00	
   1.0683220e+00	
   1.0675757e+00	
   1.0668009e+00	
   1.0661467e+00	
   1.0650332e+00	
   1.0640548e+00	
   1.0626763e+00	
   1.0621613e+00	
   1.0611338e+00	
   1.0600540e+00	
   1.0593546e+00	
   1.0584084e+00	
   1.0573390e+00	
   1.0570016e+00	
   1.0560993e+00	
   1.0555962e+00	
   1.0548903e+00	
   1.0544602e+00	
   1.0539597e+00	
   1.0531262e+00	
   1.0525713e+00	
   1.0520938e+00	
   1.0513254e+00	
   1.0508063e+00	
   1.0503564e+00	
   1.0494211e+00	
   1.0489622e+00	
   1.0484193e+00	
   1.0477975e+00	
   1.0476658e+00	
   1.0472965e+00	
   1.0468024e+00	
   1.0465739e+00	
   1.0461090e+00	
   1.0461462e+00	
   1.0459156e+00	
   1.0453049e+00	
   1.0455981e+00	
   1.0450695e+00	
   1.0449674e+00	
   1.0445402e+00	
   1.0442248e+00	
   1.0435690e+00	
   1.0431672e+00	
   1.0422238e+00	
   1.0420232e+00	
   1.0411683e+00	
   1.0407243e+00	
   1.0400459e+00	
   1.0398995e+00	
   1.0392997e+00	
   1.0395846e+00	
   1.0391301e+00	
   1.0394485e+00	
   1.0393588e+00	
   1.0390968e+00	
   1.0387242e+00	
   1.0386482e+00	
   1.0383086e+00	
   1.0383454e+00	
   1.0375563e+00	
   1.0375134e+00	
   1.0367549e+00	
   1.0360616e+00	
   1.0354028e+00	
   1.0345805e+00	
   1.0334135e+00	
   1.0327888e+00	
   1.0319950e+00	
   1.0317762e+00	
   1.0309799e+00	
   1.0306052e+00	
   1.0303093e+00	
   1.0297506e+00	
   1.0292080e+00	
   1.0292162e+00	
   1.0285690e+00	
   1.0279853e+00	
   1.0273545e+00	
   1.0263015e+00	
   1.0254594e+00	
   1.0246736e+00	
   1.0242218e+00	
   1.0237231e+00	
   1.0229808e+00	
   1.0222004e+00	
   1.0211958e+00	
   1.0206234e+00	
   1.0201884e+00	
   1.0195132e+00	
   1.0186528e+00	
   1.0179187e+00	
   1.0171578e+00	
   1.0161586e+00	
   1.0154049e+00	
   1.0149021e+00	
   1.0140064e+00	
   1.0131613e+00	
   1.0128282e+00	
   1.0123935e+00	
   1.0117127e+00	
   1.0109294e+00	
   1.0106278e+00	
   1.0098321e+00	
   1.0092718e+00	
   1.0085203e+00	
   1.0079438e+00	
   1.0068593e+00	
   1.0061411e+00	
   1.0058349e+00	
   1.0055968e+00	
   1.0048839e+00	
   1.0048528e+00	
   1.0045150e+00	
   1.0040890e+00	
   1.0040642e+00	
   1.0040894e+00	
   1.0038495e+00	
   1.0033058e+00	
   1.0028041e+00	
   1.0024357e+00	
   1.0019857e+00	
   1.0016155e+00	
   1.0014945e+00	
   1.0010944e+00	
   1.0007837e+00	
   1.0005229e+00	
   1.0004938e+00	
   1.0005189e+00	
   1.0003170e+00	
   9.9983434e-01	
   9.9966630e-01	
   9.9930708e-01	
   9.9892877e-01	
   9.9867194e-01	
   9.9844783e-01	
   9.9811599e-01	
   9.9786380e-01	
   9.9778717e-01	
   9.9786812e-01	
   9.9787298e-01	
   9.9799251e-01	
   9.9766919e-01	
   9.9757632e-01	
   9.9762083e-01	
   9.9784018e-01	
   9.9792477e-01	
   9.9812831e-01	
   9.9807044e-01	
   9.9809581e-01	
   9.9795147e-01	
   9.9828629e-01	
   9.9812902e-01	
   9.9836258e-01	
   9.9792681e-01	
   9.9799638e-01	
   9.9777398e-01	
   9.9827589e-01	
   9.9837349e-01	
   9.9829032e-01	
   9.9855114e-01	
   9.9899327e-01	
   9.9883736e-01	
   9.9926478e-01	
   9.9916695e-01	
   9.9957287e-01	
   9.9936454e-01	
   9.9916124e-01	
   9.9932933e-01	
   9.9922673e-01	
   9.9878102e-01	
   9.9873577e-01	
   9.9833126e-01	
   9.9817446e-01	
   9.9794887e-01	
   9.9811093e-01	
   9.9824464e-01	
   9.9812824e-01	
   9.9797590e-01	
   9.9849101e-01	
   9.9818408e-01	
   9.9820277e-01	
   9.9818391e-01	
   9.9810904e-01	
   9.9799046e-01	
   9.9804099e-01	
   9.9829242e-01	
   9.9829422e-01	
   9.9797708e-01	
   9.9826298e-01	
   9.9825572e-01	
   9.9832752e-01	
   9.9837483e-01	
   9.9793201e-01	
   9.9717235e-01	
   9.9695237e-01	
   9.9680028e-01	
   9.9672008e-01	
   9.9635799e-01	
   9.9630500e-01	
   9.9622965e-01	
   9.9594954e-01	
   9.9588216e-01	
   9.9590524e-01	
   9.9587466e-01	
   9.9604971e-01	
   9.9614299e-01	
   9.9637771e-01	
   9.9662510e-01	
   9.9688264e-01	
   9.9687132e-01	
   9.9695892e-01	
   9.9726081e-01	
   9.9703181e-01	
   9.9714626e-01	
   9.9690802e-01	
   9.9719032e-01	
   9.9717215e-01	
   9.9703885e-01	
   9.9720780e-01	
   9.9756162e-01	
   9.9764552e-01	
   9.9812174e-01	
   9.9806071e-01	
   9.9854417e-01	
   9.9853817e-01	
   9.9874569e-01	
   9.9898166e-01	
   9.9919175e-01	
   9.9902966e-01	
   9.9938796e-01	
   9.9945760e-01	
   9.9933845e-01	
   9.9933025e-01	
   9.9928607e-01	
   9.9938176e-01	
   9.9954206e-01	
   9.9982361e-01	
   1.0002127e+00	
   1.0002326e+00	
   1.0004290e+00	
   1.0010829e+00	
   1.0013907e+00	
   1.0016770e+00	
   1.0020912e+00	
   1.0022570e+00	
   1.0023769e+00	
   1.0024925e+00	
   1.0026283e+00	
   1.0028754e+00	
   1.0028480e+00	
   1.0025685e+00	
   1.0028367e+00	
   1.0026706e+00	
   1.0026646e+00	
   1.0024528e+00	
   1.0023687e+00	
   1.0026571e+00	
   1.0023928e+00	
   1.0025717e+00	
   1.0030027e+00	
   1.0028619e+00	
   1.0029434e+00	
   1.0027922e+00	
   1.0030127e+00	
   1.0032341e+00	
   1.0032796e+00	
   1.0034171e+00	
   1.0033158e+00	
   1.0031877e+00	
   1.0034179e+00	
   1.0035446e+00	
   1.0037087e+00	
   1.0038623e+00	
   1.0038199e+00	
   1.0037325e+00	
   1.0039280e+00	
   1.0038112e+00	
   1.0039927e+00	
   1.0036502e+00	
   1.0035270e+00	
   1.0038461e+00	
   1.0040912e+00	
   1.0041822e+00	
   1.0041311e+00	
   1.0041369e+00	
   1.0043442e+00	
   1.0045644e+00	
   1.0049820e+00	
   1.0052661e+00	
   1.0051304e+00	
   1.0052137e+00	
   1.0052892e+00	
   1.0055456e+00	
   1.0055527e+00	
   1.0058030e+00	
   1.0059951e+00	
   1.0060381e+00	
   1.0059692e+00	
   1.0063433e+00	
   1.0061734e+00	
   1.0065550e+00	
   1.0067506e+00	
   1.0069703e+00	
   1.0072233e+00	
   1.0072533e+00	
   1.0075350e+00	
   1.0079533e+00	
   1.0082107e+00	
   1.0086983e+00	
   1.0087654e+00	
   1.0092033e+00	
   1.0095365e+00	
   1.0097872e+00	
   1.0101091e+00	
   1.0104358e+00	
   1.0109736e+00	
   1.0113439e+00	
   1.0116776e+00	
   1.0123348e+00	
   1.0126565e+00	
   1.0133537e+00	
   1.0140402e+00	
   1.0146433e+00	
   1.0151826e+00	
   1.0152012e+00	
   1.0157120e+00	
   1.0163451e+00	
   1.0169191e+00	
   1.0175104e+00	
   1.0180140e+00	
   1.0186434e+00	
   1.0190475e+00	
   1.0198856e+00	
   1.0209602e+00	
   1.0213318e+00	
   1.0216701e+00	
   1.0221310e+00	
   1.0226608e+00	
   1.0233917e+00	
   1.0237744e+00	
   1.0243008e+00	
   1.0249190e+00	
   1.0252221e+00	
   1.0263026e+00	
   1.0273173e+00	
   1.0281113e+00	
   1.0290681e+00	
   1.0297033e+00	
   1.0305613e+00	
   1.0317247e+00	
   1.0318995e+00	
   1.0328304e+00	
   1.0332413e+00	
   1.0338728e+00	
   1.0344119e+00	
   1.0351906e+00	
   1.0359446e+00	
   1.0368043e+00	
   1.0371273e+00	
   1.0379771e+00	
   1.0388313e+00	
   1.0394159e+00	
   1.0402475e+00	
   1.0410843e+00	
   1.0416087e+00	
   1.0421772e+00	
   1.0424705e+00	
   1.0432754e+00	
   1.0440337e+00	
   1.0446647e+00	
   1.0456986e+00	
   1.0460951e+00	
   1.0469562e+00	
   1.0476100e+00	
   1.0484092e+00	
   1.0495841e+00	
   1.0501663e+00	
   1.0507760e+00	
   1.0516309e+00	
   1.0520939e+00	
   1.0529029e+00	
   1.0534512e+00	
   1.0541698e+00	
   1.0549358e+00	
   1.0554273e+00	
   1.0562023e+00	
   1.0574283e+00	
   1.0579634e+00	
   1.0588032e+00	
   1.0593118e+00	
   1.0601344e+00	
   1.0610753e+00	
   1.0613607e+00	
   1.0622163e+00	
   1.0630702e+00	
   1.0633536e+00	
   1.0640671e+00	
   1.0644747e+00	
   1.0653430e+00	
   1.0659395e+00	
   1.0664915e+00	
   1.0673597e+00	
   1.0677065e+00	
   1.0682954e+00	
   1.0689145e+00	
   1.0693217e+00	
   1.0697504e+00	
   1.0704430e+00	
   1.0712260e+00	
   1.0718291e+00	
   1.0725095e+00	
   1.0729706e+00	
   1.0734427e+00	
   1.0741882e+00	
   1.0749520e+00	
   1.0756882e+00	
   1.0761094e+00	
   1.0765135e+00	
   1.0764771e+00	
   1.0768884e+00	
   1.0773583e+00	
   1.0782395e+00	
   1.0788977e+00	
   1.0793038e+00	
   1.0799333e+00	
   1.0804305e+00	
   1.0807648e+00	
   1.0816950e+00	
   1.0821734e+00	
   1.0830410e+00	
   1.0833870e+00	
   1.0835021e+00	
   1.0841710e+00	
   1.0847803e+00	
   1.0856253e+00	
   1.0861001e+00	
   1.0867137e+00	
   1.0872888e+00	
   1.0875264e+00	
   1.0880015e+00	
   1.0885848e+00	
   1.0889467e+00	
   1.0894223e+00	
   1.0895686e+00	
   1.0902053e+00	
   1.0904649e+00	
   1.0911081e+00	
   1.0917369e+00	
   1.0921402e+00	
   1.0925842e+00	
   1.0929615e+00	
   1.0934755e+00	
   1.0941323e+00	
   1.0946354e+00	
   1.0952242e+00	
   1.0954261e+00	
   1.0955633e+00	
   1.0958910e+00	
   1.0965184e+00	
   1.0970114e+00	
   1.0972880e+00	
   1.0976365e+00	
   1.0982035e+00	
   1.0987633e+00	
   1.0994635e+00	
   1.1002526e+00	
   1.1006669e+00	
   1.1009492e+00	
   1.1014853e+00	
   1.1023095e+00	
   1.1024684e+00	
   1.1025025e+00	
   1.1028265e+00	
   1.1030605e+00	
   1.1031739e+00	
   1.1038141e+00	
   1.1043656e+00	
   1.1046642e+00	
   1.1047598e+00	
   1.1054303e+00	
   1.1059340e+00	
   1.1063011e+00	
   1.1066731e+00	
   1.1069283e+00	
   1.1073907e+00	
   1.1078090e+00	
   1.1081729e+00	
   1.1086715e+00	
   1.1091852e+00	
   1.1096045e+00	
   1.1100872e+00	
   1.1107866e+00	
   1.1116707e+00	
   1.1123313e+00	
   1.1130085e+00	
   1.1137980e+00	
   1.1147238e+00	
   1.1151871e+00	
   1.1158029e+00	
   1.1163222e+00	
   1.1166902e+00	
   1.1173122e+00	
   1.1176383e+00	
   1.1182913e+00	
   1.1187062e+00	
   1.1192529e+00	
   1.1197216e+00	
   1.1203291e+00	
   1.1209914e+00	
   1.1216725e+00	
   1.1222777e+00	
   1.1228596e+00	
   1.1234534e+00	
   1.1240839e+00	
   1.1245737e+00	
   1.1254747e+00	
   1.1261687e+00	
   1.1269518e+00	
   1.1275274e+00	
   1.1284571e+00	
   1.1292664e+00	
   1.1300016e+00	
   1.1307419e+00	
   1.1315877e+00	
   1.1325343e+00	
   1.1335093e+00	
   1.1340766e+00	
   1.1351638e+00	
   1.1358417e+00	
   1.1369694e+00	
   1.1375781e+00	
   1.1385189e+00	
   1.1392374e+00	
   1.1399221e+00	
   1.1406911e+00	
   1.1418241e+00	
   1.1428369e+00	
   1.1435144e+00	
   1.1441142e+00	
   1.1453027e+00	
   1.1461832e+00	
   1.1470301e+00	
   1.1477187e+00	
   1.1487566e+00	
   1.1496822e+00	
   1.1503300e+00	
   1.1511422e+00	
   1.1518317e+00	
   1.1525648e+00	
   1.1532916e+00	
   1.1540243e+00	
   1.1548749e+00	
   1.1555354e+00	
   1.1561425e+00	
   1.1567393e+00	
   1.1574216e+00	
   1.1584659e+00	
   1.1593283e+00	
   1.1601288e+00	
   1.1609149e+00	
   1.1619553e+00	
   1.1625560e+00	
   1.1633280e+00	
   1.1641897e+00	
   1.1649739e+00	
   1.1655377e+00	
   1.1659348e+00	
   1.1667804e+00	
   1.1677144e+00	
   1.1686420e+00	
   1.1695300e+00	
   1.1705009e+00	
   1.1712633e+00	
   1.1719296e+00	
   1.1729103e+00	
   1.1739281e+00	
   1.1746836e+00	
   1.1753810e+00	
   1.1758662e+00	
   1.1767044e+00	
   1.1772075e+00	
   1.1778390e+00	
   1.1787035e+00	
   1.1791450e+00	
   1.1793620e+00	
   1.1800135e+00	
   1.1806894e+00	
   1.1812553e+00	
   1.1819931e+00	
   1.1825882e+00	
   1.1835574e+00	
   1.1841745e+00	
   1.1850570e+00	
   1.1861756e+00	
   1.1868952e+00	
   1.1874460e+00	
   1.1881208e+00	
   1.1890073e+00	
   1.1901143e+00	
   1.1907817e+00	
   1.1918315e+00	
   1.1925976e+00	
   1.1932912e+00	
   1.1940583e+00	
   1.1950024e+00	
   1.1961907e+00	
   1.1967782e+00	
   1.1976889e+00	
   1.1984996e+00	
   1.1992727e+00	
   1.1994779e+00	
   1.2005019e+00	
   1.2015531e+00	
   1.2024922e+00	
   1.2031687e+00	
   1.2042071e+00	
   1.2047156e+00	
   1.2056476e+00	
   1.2065275e+00	
   1.2081444e+00	
   1.2091400e+00	
   1.2101640e+00	
   1.2107662e+00	
   1.2115826e+00	
   1.2122268e+00	
   1.2132222e+00	
   1.2144050e+00	
   1.2155512e+00	
   1.2162105e+00	
   1.2173276e+00	
   1.2183502e+00	
   1.2195887e+00	
   1.2211327e+00	
   1.2221545e+00	
   1.2235679e+00	
   1.2245148e+00	
   1.2257647e+00	
   1.2273286e+00	
   1.2287030e+00	
   1.2296471e+00	
   1.2310864e+00	
   1.2322809e+00	
   1.2338405e+00	
   1.2347919e+00	
   1.2357379e+00	
   1.2366383e+00	
   1.2376990e+00	
   1.2383124e+00	
   1.2397120e+00	
   1.2410918e+00	
   1.2418650e+00	
   1.2427906e+00	
   1.2440420e+00	
   1.2451899e+00	
   1.2464886e+00	
   1.2475338e+00	
   1.2487789e+00	
   1.2496037e+00	
   1.2504975e+00	
   1.2514698e+00	
   1.2526292e+00	
   1.2538015e+00	
   1.2552638e+00	
   1.2561673e+00	
   1.2572111e+00	
   1.2582154e+00	
   1.2594938e+00	
   1.2603361e+00	
   1.2616496e+00	
   1.2628259e+00	
   1.2637729e+00	
   1.2648762e+00	
   1.2657595e+00	
   1.2668425e+00	
   1.2679782e+00	
   1.2688865e+00	
   1.2696148e+00	
   1.2703557e+00	
   1.2708193e+00	
   1.2714751e+00	
   1.2721363e+00	
   1.2732420e+00	
   1.2738401e+00	
   1.2744235e+00	
   1.2751403e+00	
   1.2762681e+00	
   1.2769267e+00	
   1.2779124e+00	
   1.2785144e+00	
   1.2790887e+00	
   1.2795295e+00	
   1.2801360e+00	
   1.2805058e+00	
   1.2809446e+00	
   1.2814235e+00	
   1.2819935e+00	
   1.2823723e+00	
   1.2831135e+00	
   1.2834302e+00	
   1.2840035e+00	
   1.2845132e+00	
   1.2853268e+00	
   1.2856837e+00	
   1.2862564e+00	
   1.2868099e+00	
   1.2870930e+00	
   1.2873317e+00	
   1.2876007e+00	
   1.2878035e+00	
   1.2881965e+00	
   1.2882802e+00	
   1.2886598e+00	
   1.2885530e+00	
   1.2885232e+00	
   1.2891510e+00	
   1.2899096e+00	
   1.2903373e+00	
   1.2905594e+00	
   1.2906163e+00	
   1.2907390e+00	
   1.2911004e+00	
   1.2915208e+00	
   1.2921060e+00	
   1.2923381e+00	
   1.2921409e+00	
   1.2925286e+00	
   1.2929796e+00	
   1.2935720e+00	
   1.2941207e+00	
   1.2942805e+00	
   1.2944994e+00	
   1.2947826e+00	
   1.2948978e+00	
   1.2952570e+00	
   1.2955458e+00	
   1.2959052e+00	
   1.2959863e+00	
   1.2966018e+00	
   1.2970841e+00	
   1.2975403e+00	
   1.2982401e+00	
   1.2989063e+00	
   1.2993093e+00	
   1.3000761e+00	
   1.3006089e+00	
   1.3011652e+00	
   1.3018153e+00	
   1.3022786e+00	
   1.3033864e+00	
   1.3036613e+00	
   1.3043168e+00	
   1.3051652e+00	
   1.3055990e+00	
   1.3064950e+00	
   1.3076188e+00	
   1.3082794e+00	
   1.3094270e+00	
   1.3099812e+00	
   1.3114485e+00	
   1.3123708e+00	
   1.3132956e+00	
   1.3141755e+00	
   1.3151417e+00	
   1.3162050e+00	
   1.3170824e+00	
   1.3180024e+00	
   1.3187251e+00	
   1.3189717e+00	
   1.3198898e+00	
   1.3203901e+00	
   1.3213494e+00	
   1.3220001e+00	
   1.3227280e+00	
   1.3239183e+00	
   1.3246252e+00	
   1.3260925e+00	
   1.3272713e+00	
   1.3286279e+00	
   1.3303740e+00	
   1.3318019e+00	
   1.3335154e+00	
   1.3350018e+00	
   1.3363553e+00	
   1.3382742e+00	
   1.3394934e+00	
   1.3414810e+00	
   1.3432899e+00	
   1.3452641e+00	
   1.3468939e+00	
   1.3491305e+00	
   1.3511769e+00	
   1.3530723e+00	
   1.3549942e+00	
   1.3568760e+00	
   1.3586676e+00	
   1.3605195e+00	
   1.3622903e+00	
   1.3642572e+00	
   1.3657213e+00	
   1.3675402e+00	
   1.3693559e+00	
   1.3713991e+00	
   1.3734827e+00	
   1.3753577e+00	
   1.3770493e+00	
   1.3789542e+00	
   1.3808174e+00	
   1.3826993e+00	
   1.3849930e+00	
   1.3868867e+00	
   1.3886078e+00	
   1.3902185e+00	
   1.3918023e+00	
   1.3937213e+00	
   1.3952518e+00	
   1.3974225e+00	
   1.3994715e+00	
   1.4008639e+00	
   1.4028535e+00	
   1.4046266e+00	
   1.4068820e+00	
   1.4092104e+00	
   1.4111178e+00	
   1.4135916e+00	
   1.4153598e+00	
   1.4169899e+00	
   1.4190436e+00	
   1.4207628e+00	
   1.4228470e+00	
   1.4245337e+00	
   1.4267517e+00	
   1.4287467e+00	
   1.4308666e+00	
   1.4330063e+00	
   1.4348529e+00	
   1.4368812e+00	
   1.4389068e+00	
   1.4406935e+00	
   1.4428987e+00	
   1.4444792e+00	
   1.4464913e+00	
   1.4475881e+00	
   1.4494003e+00	
   1.4514650e+00	
   1.4533987e+00	
   1.4553165e+00	
   1.4574755e+00	
   1.4592586e+00	
   1.4611183e+00	
   1.4627848e+00	
   1.4651073e+00	
   1.4669544e+00	
   1.4687323e+00	
   1.4703224e+00	
   1.4723189e+00	
   1.4743329e+00	
   1.4764391e+00	
   1.4783574e+00	
   1.4804906e+00	
   1.4822584e+00	
   1.4840488e+00	
   1.4861849e+00	
   1.4884444e+00	
   1.4905937e+00	
   1.4921621e+00	
   1.4936052e+00	
   1.4954572e+00	
   1.4972330e+00	
   1.4992836e+00	
   1.5012613e+00	
   1.5033613e+00	
   1.5051924e+00	
   1.5065618e+00	
   1.5086366e+00	
   1.5108005e+00	
   1.5125879e+00	
   1.5149297e+00	
   1.5167346e+00	
   1.5188707e+00	
   1.5204950e+00	
   1.5225229e+00	
   1.5246669e+00	
   1.5270713e+00	
   1.5291630e+00	
   1.5313099e+00	
   1.5330901e+00	
   1.5351531e+00	
   1.5372857e+00	
   1.5395718e+00	
   1.5416965e+00	
   1.5442967e+00	
   1.5463929e+00	
   1.5488003e+00	
   1.5513926e+00	
   1.5537604e+00	
   1.5565559e+00	
   1.5588785e+00	
   1.5612226e+00	
   1.5633184e+00	
   1.5654068e+00	
   1.5673387e+00	
   1.5694893e+00	
   1.5717086e+00	
   1.5735829e+00	
   1.5757862e+00	
   1.5781109e+00	
   1.5805063e+00	
   1.5826126e+00	
   1.5851501e+00	
   1.5875290e+00	
   1.5901302e+00	
   1.5923342e+00	
   1.5952849e+00	
   1.5977165e+00	
   1.6003484e+00	
   1.6028240e+00	
   1.6058512e+00	
   1.6082540e+00	
   1.6111842e+00	
   1.6135583e+00	
   1.6165244e+00	
   1.6190333e+00	
   1.6218374e+00	
   1.6248205e+00	
   1.6278628e+00	
   1.6306717e+00	
   1.6332206e+00	
   1.6356702e+00	
   1.6384620e+00	
   1.6410774e+00	
   1.6438010e+00	
   1.6461307e+00	
   1.6481841e+00	
   1.6507827e+00	
   1.6528361e+00	
   1.6553863e+00	
   1.6581228e+00	
   1.6607811e+00	
   1.6630991e+00	
   1.6653645e+00	
   1.6682884e+00	
   1.6711158e+00	
   1.6734051e+00	
   1.6766309e+00	
   1.6793448e+00	
   1.6819838e+00	
   1.6844962e+00	
   1.6877260e+00	
   1.6902038e+00	
   1.6930157e+00	
   1.6957308e+00	
   1.6987061e+00	
   1.7009710e+00	
   1.7037367e+00	
   1.7057636e+00	
   1.7088477e+00	
   1.7112569e+00	
   1.7147012e+00	
   1.7168964e+00	
   1.7190813e+00	
   1.7219061e+00	
   1.7248983e+00	
   1.7277707e+00	
   1.7307363e+00	
   1.7330234e+00	
   1.7358728e+00	
   1.7385832e+00	
   1.7413148e+00	
   1.7443991e+00	
   1.7465310e+00	
   1.7492794e+00	
   1.7525805e+00	
   1.7554813e+00	
   1.7585547e+00	
   1.7610649e+00	
   1.7635309e+00	
   1.7667835e+00	
   1.7692830e+00	
   1.7726351e+00	
   1.7753616e+00	
   1.7774591e+00	
   1.7802911e+00	
   1.7833620e+00	
   1.7870147e+00	
   1.7902770e+00	
   1.7931724e+00	
   1.7966136e+00	
   1.7992797e+00	
   1.8026438e+00	
   1.8058175e+00	
   1.8088707e+00	
   1.8119221e+00	
   1.8147254e+00	
   1.8178031e+00	
   1.8210418e+00	
   1.8241201e+00	
   1.8271640e+00	
   1.8300684e+00	
   1.8330650e+00	
   1.8364677e+00	
   1.8388791e+00	
   1.8418088e+00	
   1.8443047e+00	
   1.8464866e+00	
   1.8492143e+00	
   1.8524825e+00	
   1.8552122e+00	
   1.8577489e+00	
   1.8606044e+00	
   1.8636178e+00	
   1.8655190e+00	
   1.8678870e+00	
   1.8707233e+00	
   1.8731924e+00	
   1.8752091e+00	
   1.8773626e+00	
   1.8802359e+00	
   1.8826565e+00	
   1.8855002e+00	
   1.8883440e+00	
   1.8911877e+00	
   1.8940314e+00	
